#,0,95,96,97,98,99,1,2,3,4,5,6,7,8,9,10,11,12,50013,50040,52001,52002,52003,52004,52005,52006,52007,50061,50062,50063,50064,50065,50066,50024,50206,50209,50015,50081,50082,50083,50084,50085,50086,51361,51362,51363,51364,51365,51366,51367,51368,51369,51370,51371,51372,50092,50093,50094,50095,50096,50097,50098,51101,51102,51103,51104,51105,51106,51107,51108,51109,51111,50032,50033,50022,50023,51110,50041,50042,50043,50044,50045,50046,50501,50502,50503,50504,50505,50506,50507,50508,50509,50510,50511,50512,50513,50514,50515,50516,50601,50602,50603,50604,50605,50606,50607,50608,50609,50610,50611,50612,50613,50614
0,None,0,0,0,0,None,0,0,0,0,0,0,0,0,0,0,0,,0,0,0,0,0,0,0,0,0,0,0,0,0,0,0,0,0,0,0,0,0,0,0,0,0,0,0,0,0,0,0,0,0,0,0,0,0,0,0,0,0,0,0,0,0,0,0,0,0,0,0,0,0,0,0,0,0,0,0,0,0,0,0,0,0,0,0,0,0,0,0,0,0,0,0,0,0,0,0,0,0,0,0,0,0,0,0,0,0,0,0,0,0,0,0
1,Muscular,0,0,0,0,None,1,0,0,1,1,25,0,3,15,0,0,,0,0,0,0,0,10,0,0,0,5,0,0,0,0,0,0,0,0,0,0,0,0,0,0,0,10,0,0,0,0,0,0,0,0,0,0,0,0,0,0,0,0,0,0,0,0,0,0,0,0,0,0,0,0,0,0,0,0,0,0,0,0,0,0,0,0,0,0,0,0,0,0,0,0,0,0,0,0,0,0,0,0,0,0,0,0,0,0,0,0,0,0,0,0,0
2,Robust as a beast,0,0,0,0,None,1|1,0,0,2,1,5,0,3,10,0,0,,0,0,0,0,0,20,0,0,0,10,0,0,0,0,0,0,0,0,0,0,0,0,0,0,0,20,0,0,0,0,0,0,0,0,0,0,0,0,0,0,0,0,0,0,0,0,0,0,0,0,0,0,0,0,0,0,0,0,0,0,0,0,0,0,0,0,0,0,0,0,0,0,0,0,0,0,0,0,0,0,0,0,0,0,0,0,0,0,0,0,0,0,0,0,0
3,Mountinous Strength,0,0,0,0,None,1|1|1,0,0,3,1,1,0,3,0,0,0,,0,0,0,0,0,30,0,0,0,15,0,0,0,0,0,0,0,0,0,0,0,0,0,0,0,30,0,0,0,0,0,0,0,0,0,0,0,0,0,0,0,0,0,0,0,0,0,0,0,0,0,0,0,0,0,0,0,0,0,0,0,0,0,0,0,0,0,0,0,0,0,0,0,0,0,0,0,0,0,0,0,0,0,0,0,0,0,0,0,0,0,0,0,0,0
4,Gentle but Feeble,0,0,0,0,None,2,0,0,-1,1,25,0,4,5,0,0,,0,0,0,0,0,-10,0,0,0,-5,0,0,0,0,0,0,0,0,0,0,0,0,0,0,0,-10,0,0,0,0,0,0,0,0,0,0,0,0,0,0,0,0,0,0,0,0,0,0,0,0,0,0,0,0,0,0,0,0,0,0,0,0,0,0,0,0,0,0,0,0,0,0,0,0,0,0,0,0,0,0,0,0,0,0,0,0,0,0,0,0,0,0,0,0,0
5,Extremely Feeble,0,0,0,0,None,2|2,0,0,-2,1,5,0,4,0,0,0,,0,0,0,0,0,-20,0,0,0,-10,0,0,0,0,0,0,0,0,0,0,0,0,0,0,0,-20,0,0,0,0,0,0,0,0,0,0,0,0,0,0,0,0,0,0,0,0,0,0,0,0,0,0,0,0,0,0,0,0,0,0,0,0,0,0,0,0,0,0,0,0,0,0,0,0,0,0,0,0,0,0,0,0,0,0,0,0,0,0,0,0,0,0,0,0,0
6,Feeble as an Ant,0,0,0,0,None,2|2|2,0,0,-3,1,1,0,4,0,0,0,,0,0,0,0,0,-30,0,0,0,-15,0,0,0,0,0,0,0,0,0,0,0,0,0,0,0,-30,0,0,0,0,0,0,0,0,0,0,0,0,0,0,0,0,0,0,0,0,0,0,0,0,0,0,0,0,0,0,0,0,0,0,0,0,0,0,0,0,0,0,0,0,0,0,0,0,0,0,0,0,0,0,0,0,0,0,0,0,0,0,0,0,0,0,0,0,0
7,Physically Healthy,0,0,0,0,None,0,1,0,1,7,25,0,3,15,0,0,,10,0,0,0,0,0,10,0,0,0,5,0,0,0,0,0,0,0,0,0,0,0,0,0,0,0,10,0,0,0,0,0,0,0,0,0,0,0,0,0,0,0,0,0,0,0,0,0,0,0,0,0,0,0,0,0,0,0,0,0,0,0,0,0,0,0,0,0,0,0,0,0,0,0,0,0,0,0,0,0,0,0,0,0,0,0,0,0,0,0,0,0,0,0,0
8,Vigorous as a Horse,0,0,0,0,None,0,1|1,0,2,7,5,0,3,10,0,0,,15,0,0,0,0,0,20,0,0,0,10,0,0,0,0,0,0,0,0,0,0,0,0,0,0,0,20,0,0,0,0,0,0,0,0,0,0,0,0,0,0,0,0,0,0,0,0,0,0,0,0,0,0,0,0,0,0,0,0,0,0,0,0,0,0,0,0,0,0,0,0,0,0,0,0,0,0,0,0,0,0,0,0,0,0,0,0,0,0,0,0,0,0,0,0
9,Godlike Constitution,0,0,0,0,None,0,1|1|1,0,3,7,1,0,3,0,0,0,,20,0,0,0,0,0,30,0,0,0,15,0,0,0,0,0,0,0,0,0,0,0,0,0,0,0,30,0,0,0,0,0,0,0,0,0,0,0,0,0,0,0,0,0,0,0,0,0,0,0,0,0,0,0,0,0,0,0,0,0,0,0,0,0,0,0,0,0,0,0,0,0,0,0,0,0,0,0,0,0,0,0,0,0,0,0,0,0,0,0,0,0,0,0,0
10,Thin as a willow,0,0,0,0,None,0,2,0,-1,7,25,0,4,5,0,0,,-10,0,0,0,0,0,-10,0,0,0,-5,0,0,0,0,0,0,0,0,0,0,0,0,0,0,0,-10,0,0,0,0,0,0,0,0,0,0,0,0,0,0,0,0,0,0,0,0,0,0,0,0,0,0,0,0,0,0,0,0,0,0,0,0,0,0,0,0,0,0,0,0,0,0,0,0,0,0,0,0,0,0,0,0,0,0,0,0,0,0,0,0,0,0,0,0
11,Extremely Frail,0,0,0,0,None,0,2|2,0,-2,7,5,0,4,0,0,0,,-15,0,0,0,0,0,-20,0,0,0,-10,0,0,0,0,0,0,0,0,0,0,0,0,0,0,0,-20,0,0,0,0,0,0,0,0,0,0,0,0,0,0,0,0,0,0,0,0,0,0,0,0,0,0,0,0,0,0,0,0,0,0,0,0,0,0,0,0,0,0,0,0,0,0,0,0,0,0,0,0,0,0,0,0,0,0,0,0,0,0,0,0,0,0,0,0
12,Fated Early Death,0,0,0,0,None,0,2|2|2,0,-3,7,1,0,4,0,0,0,,-20,0,0,0,0,0,-30,0,0,0,-15,0,0,0,0,0,0,0,0,0,0,0,0,0,0,0,-30,0,0,0,0,0,0,0,0,0,0,0,0,0,0,0,0,0,0,0,0,0,0,0,0,0,0,0,0,0,0,0,0,0,0,0,0,0,0,0,0,0,0,0,0,0,0,0,0,0,0,0,0,0,0,0,0,0,0,0,0,0,0,0,0,0,0,0,0
13,Excellent Senses of Hearing and Sight,0,0,0,0,None,0,0,1,1,13,25,0,3,15,0,0,,0,0,10,0,0,0,0,0,0,0,0,5,0,0,0,0,0,0,0,0,0,0,0,0,0,0,0,10,0,0,0,0,0,0,0,0,0,0,0,0,0,0,0,0,0,0,0,0,0,0,0,0,0,0,0,0,0,0,0,0,0,0,0,0,0,0,0,0,0,0,0,0,0,0,0,0,0,0,0,0,0,0,0,0,0,0,0,0,0,0,0,0,0,0,0
14,As Swiftness as Running Water,0,0,0,0,None,0,1,1,2,13,5,0,3,10,0,0,,0,0,20,0,0,0,0,0,0,0,0,10,0,0,0,0,0,0,0,0,0,0,0,0,0,0,0,20,0,0,0,0,0,0,0,0,0,0,0,0,0,0,0,0,0,0,0,0,0,0,0,0,0,0,0,0,0,0,0,0,0,0,0,0,0,0,0,0,0,0,0,0,0,0,0,0,0,0,0,0,0,0,0,0,0,0,0,0,0,0,0,0,0,0,0
15,Leaving no Trace,0,0,0,0,None,0,1,1|1,3,13,1,0,3,0,0,0,,0,0,30,0,0,0,0,0,0,0,0,15,0,0,0,0,0,0,0,0,0,0,0,0,0,0,0,30,0,0,0,0,0,0,0,0,0,0,0,0,0,0,0,0,0,0,0,0,0,0,0,0,0,0,0,0,0,0,0,0,0,0,0,0,0,0,0,0,0,0,0,0,0,0,0,0,0,0,0,0,0,0,0,0,0,0,0,0,0,0,0,0,0,0,0
16,Awkward Limbs,0,0,0,0,None,0,0,2,-1,13,25,0,4,5,0,0,,0,0,-10,0,0,0,0,0,0,0,0,-5,0,0,0,0,0,0,0,0,0,0,0,0,0,0,0,-10,0,0,0,0,0,0,0,0,0,0,0,0,0,0,0,0,0,0,0,0,0,0,0,0,0,0,0,0,0,0,0,0,0,0,0,0,0,0,0,0,0,0,0,0,0,0,0,0,0,0,0,0,0,0,0,0,0,0,0,0,0,0,0,0,0,0,0
17,Clumsy and Inarticular,0,0,0,0,None,0,2,2,-2,13,5,0,4,0,0,0,,0,0,-20,0,0,0,0,0,0,0,0,-10,0,0,0,0,0,0,0,0,0,0,0,0,0,0,0,-20,0,0,0,0,0,0,0,0,0,0,0,0,0,0,0,0,0,0,0,0,0,0,0,0,0,0,0,0,0,0,0,0,0,0,0,0,0,0,0,0,0,0,0,0,0,0,0,0,0,0,0,0,0,0,0,0,0,0,0,0,0,0,0,0,0,0,0
18,Dull as a Doll,0,0,0,0,None,0,2,2|2,-3,13,1,0,4,0,0,0,,0,0,-30,0,0,0,0,0,0,0,0,-15,0,0,0,0,0,0,0,0,0,0,0,0,0,0,0,-30,0,0,0,0,0,0,0,0,0,0,0,0,0,0,0,0,0,0,0,0,0,0,0,0,0,0,0,0,0,0,0,0,0,0,0,0,0,0,0,0,0,0,0,0,0,0,0,0,0,0,0,0,0,0,0,0,0,0,0,0,0,0,0,0,0,0,0
19,Miraculous Skeletion,0,0,0,0,None,1,1,1,1,19,25,0,3,15,0,0,,0,0,0,0,10,0,0,0,0,0,0,0,5,0,0,0,0,0,0,0,0,0,0,0,0,0,0,0,10,0,0,0,0,0,0,0,0,0,0,0,0,0,0,0,0,0,0,0,0,0,0,0,0,0,0,0,0,0,0,0,0,0,0,0,0,0,0,0,0,0,0,0,0,0,0,0,0,0,0,0,0,0,0,0,0,0,0,0,0,0,0,0,0,0,0
20,Spiritual Pure essence,0,0,0,0,None,1,1,1,2,19,5,0,3,10,0,0,,0,0,0,0,20,0,0,0,0,0,0,0,10,0,0,0,0,0,0,0,0,0,0,0,0,0,0,0,20,0,0,0,0,0,0,0,0,0,0,0,0,0,0,0,0,0,0,0,0,0,0,0,0,0,0,0,0,0,0,0,0,0,0,0,0,0,0,0,0,0,0,0,0,0,0,0,0,0,0,0,0,0,0,0,0,0,0,0,0,0,0,0,0,0,0
21,Immortal Vitality,0,0,0,0,None,1,1,1,3,19,1,0,3,0,0,0,,0,0,0,0,30,0,0,0,0,0,0,0,15,0,0,0,0,0,0,0,0,0,0,0,0,0,0,0,30,0,0,0,0,0,0,0,0,0,0,0,0,0,0,0,0,0,0,0,0,0,0,0,0,0,0,0,0,0,0,0,0,0,0,0,0,0,0,0,0,0,0,0,0,0,0,0,0,0,0,0,0,0,0,0,0,0,0,0,0,0,0,0,0,0,0
22,Qi failing to Enter Marrow,0,0,0,0,None,2,2,2,-1,19,25,0,4,5,0,0,,0,0,0,0,-10,0,0,0,0,0,0,0,-5,0,0,0,0,0,0,0,0,0,0,0,0,0,0,0,-10,0,0,0,0,0,0,0,0,0,0,0,0,0,0,0,0,0,0,0,0,0,0,0,0,0,0,0,0,0,0,0,0,0,0,0,0,0,0,0,0,0,0,0,0,0,0,0,0,0,0,0,0,0,0,0,0,0,0,0,0,0,0,0,0,0,0
23,Obstruction of Seven Orifices,0,0,0,0,None,2,2,2,-2,19,5,0,4,0,0,0,,0,0,0,0,-20,0,0,0,0,0,0,0,-10,0,0,0,0,0,0,0,0,0,0,0,0,0,0,0,-20,0,0,0,0,0,0,0,0,0,0,0,0,0,0,0,0,0,0,0,0,0,0,0,0,0,0,0,0,0,0,0,0,0,0,0,0,0,0,0,0,0,0,0,0,0,0,0,0,0,0,0,0,0,0,0,0,0,0,0,0,0,0,0,0,0,0
24,Qi Turbid as a Dog,0,0,0,0,None,2,2,2,-3,19,1,0,4,0,0,0,,0,0,0,0,-30,0,0,0,0,0,0,0,-15,0,0,0,0,0,0,0,0,0,0,0,0,0,0,0,-30,0,0,0,0,0,0,0,0,0,0,0,0,0,0,0,0,0,0,0,0,0,0,0,0,0,0,0,0,0,0,0,0,0,0,0,0,0,0,0,0,0,0,0,0,0,0,0,0,0,0,0,0,0,0,0,0,0,0,0,0,0,0,0,0,0,0
25,Shrewd,0,0,0,0,None,0,0,1,1,25,25,0,3,15,0,0,,0,0,0,10,0,0,0,0,0,0,0,0,0,5,0,0,0,0,0,0,0,0,0,0,0,0,0,0,0,10,0,0,0,0,0,0,0,0,0,0,0,0,0,0,0,0,0,0,0,0,0,0,0,0,0,0,0,0,0,0,0,0,0,0,0,0,0,0,0,0,0,0,0,0,0,0,0,0,0,0,0,0,0,0,0,0,0,0,0,0,0,0,0,0,0
26,Sagacious,0,0,0,0,None,0,0,1|1,2,25,5,0,3,10,0,0,,0,0,0,20,0,0,0,0,0,0,0,0,0,10,0,0,0,0,0,0,0,0,0,0,0,0,0,0,0,20,0,0,0,0,0,0,0,0,0,0,0,0,0,0,0,0,0,0,0,0,0,0,0,0,0,0,0,0,0,0,0,0,0,0,0,0,0,0,0,0,0,0,0,0,0,0,0,0,0,0,0,0,0,0,0,0,0,0,0,0,0,0,0,0,0
27,Unrivalled Wisdom,0,0,0,0,None,0,0,1|1|1,3,25,1,0,3,0,0,0,,0,0,0,30,0,0,0,0,0,0,0,0,0,15,0,0,0,0,0,0,0,0,0,0,0,0,0,0,0,30,0,0,0,0,0,0,0,0,0,0,0,0,0,0,0,0,0,0,0,0,0,0,0,0,0,0,0,0,0,0,0,0,0,0,0,0,0,0,0,0,0,0,0,0,0,0,0,0,0,0,0,0,0,0,0,0,0,0,0,0,0,0,0,0,0
28,Silliy Mind,0,0,0,0,None,0,0,2,-1,25,25,0,4,5,0,0,,0,0,0,-10,0,0,0,0,0,0,0,0,0,-5,0,0,0,0,0,0,0,0,0,0,0,0,0,0,0,-10,0,0,0,0,0,0,0,0,0,0,0,0,0,0,0,0,0,0,0,0,0,0,0,0,0,0,0,0,0,0,0,0,0,0,0,0,0,0,0,0,0,0,0,0,0,0,0,0,0,0,0,0,0,0,0,0,0,0,0,0,0,0,0,0,0
29,Idiotic as a chicken,0,0,0,0,None,0,0,2|2,-2,25,5,0,4,0,0,0,,0,0,0,-20,0,0,0,0,0,0,0,0,0,-10,0,0,0,0,0,0,0,0,0,0,0,0,0,0,0,-20,0,0,0,0,0,0,0,0,0,0,0,0,0,0,0,0,0,0,0,0,0,0,0,0,0,0,0,0,0,0,0,0,0,0,0,0,0,0,0,0,0,0,0,0,0,0,0,0,0,0,0,0,0,0,0,0,0,0,0,0,0,0,0,0,0
30,Stupid as a Pig,0,0,0,0,None,0,0,2|2|2,-3,25,1,0,4,0,0,0,,0,0,0,-30,0,0,0,0,0,0,0,0,0,-15,0,0,0,0,0,0,0,0,0,0,0,0,0,0,0,-30,0,0,0,0,0,0,0,0,0,0,0,0,0,0,0,0,0,0,0,0,0,0,0,0,0,0,0,0,0,0,0,0,0,0,0,0,0,0,0,0,0,0,0,0,0,0,0,0,0,0,0,0,0,0,0,0,0,0,0,0,0,0,0,0,0
31,Indomitable Will,0,0,0,0,None,0,1,0,1,31,25,0,3,15,0,0,,0,0,0,0,0,0,0,10,0,0,0,0,0,0,5,0,0,0,0,0,0,0,0,0,0,0,0,0,0,0,10,0,0,0,0,0,0,0,0,0,0,0,0,0,0,0,0,0,0,0,0,0,0,0,0,0,0,0,0,0,0,0,0,0,0,0,0,0,0,0,0,0,0,0,0,0,0,0,0,0,0,0,0,0,0,0,0,0,0,0,0,0,0,0,0
32,Serene Mind,0,0,0,0,None,1,1,0,2,31,5,0,3,10,0,0,,0,0,0,0,0,0,0,20,0,0,0,0,0,0,10,0,0,0,0,0,0,0,0,0,0,0,0,0,0,0,20,0,0,0,0,0,0,0,0,0,0,0,0,0,0,0,0,0,0,0,0,0,0,0,0,0,0,0,0,0,0,0,0,0,0,0,0,0,0,0,0,0,0,0,0,0,0,0,0,0,0,0,0,0,0,0,0,0,0,0,0,0,0,0,0
33,Exquisite Jade of Autumn Frost,0,0,0,0,None,1,1|1,0,3,31,1,0,3,0,0,0,,0,0,0,0,0,0,0,30,0,0,0,0,0,0,15,0,0,0,0,0,0,0,0,0,0,0,0,0,0,0,30,0,0,0,0,0,0,0,0,0,0,0,0,0,0,0,0,0,0,0,0,0,0,0,0,0,0,0,0,0,0,0,0,0,0,0,0,0,0,0,0,0,0,0,0,0,0,0,0,0,0,0,0,0,0,0,0,0,0,0,0,0,0,0,0
34,Loose-minded,0,0,0,0,None,0,2,0,-1,31,25,0,4,5,0,0,,0,0,0,0,0,0,0,-10,0,0,0,0,0,0,-5,0,0,0,0,0,0,0,0,0,0,0,0,0,0,0,-10,0,0,0,0,0,0,0,0,0,0,0,0,0,0,0,0,0,0,0,0,0,0,0,0,0,0,0,0,0,0,0,0,0,0,0,0,0,0,0,0,0,0,0,0,0,0,0,0,0,0,0,0,0,0,0,0,0,0,0,0,0,0,0,0
35,Irresolute,0,0,0,0,None,2,2,0,-2,31,5,0,4,0,0,0,,0,0,0,0,0,0,0,-20,0,0,0,0,0,0,-10,0,0,0,0,0,0,0,0,0,0,0,0,0,0,0,-20,0,0,0,0,0,0,0,0,0,0,0,0,0,0,0,0,0,0,0,0,0,0,0,0,0,0,0,0,0,0,0,0,0,0,0,0,0,0,0,0,0,0,0,0,0,0,0,0,0,0,0,0,0,0,0,0,0,0,0,0,0,0,0,0
36,Destined Loneliness,0,0,0,0,None,2,2|2,0,-3,31,1,0,4,0,0,0,,0,0,0,0,0,0,0,-30,0,0,0,0,0,0,-15,0,0,0,0,0,0,0,0,0,0,0,0,0,0,0,-30,0,0,0,0,0,0,0,0,0,0,0,0,0,0,0,0,0,0,0,0,0,0,0,0,0,0,0,0,0,0,0,0,0,0,0,0,0,0,0,0,0,0,0,0,0,0,0,0,0,0,0,0,0,0,0,0,0,0,0,0,0,0,0,0
37,Talented,0,0,0,0,None,1,1,1,1,37,25,0,3,15,0,0,,0,0,0,0,0,0,0,0,10,3,3,3,3,3,3,0,0,0,0,0,0,0,0,0,0,5,5,5,5,5,5,0,0,0,0,0,0,0,0,0,0,0,0,0,0,0,0,0,0,0,0,0,0,0,0,0,0,0,0,0,0,0,0,0,0,0,0,0,0,0,0,0,0,0,0,0,0,0,0,0,0,0,0,0,0,0,0,0,0,0,0,0,0,0,0
38,Extraordinary Genius,0,0,0,0,None,1,1,1,2,37,5,0,3,10,0,0,,0,0,0,0,0,0,0,0,20,6,6,6,6,6,6,0,0,0,0,0,0,0,0,0,0,10,10,10,10,10,10,0,0,0,0,0,0,0,0,0,0,0,0,0,0,0,0,0,0,0,0,0,0,0,0,0,0,0,0,0,0,0,0,0,0,0,0,0,0,0,0,0,0,0,0,0,0,0,0,0,0,0,0,0,0,0,0,0,0,0,0,0,0,0,0
39,Harmony of Original Qi,0,0,0,0,None,1,1,1,3,37,1,0,3,0,0,0,,0,0,0,0,0,0,0,0,30,9,9,9,9,9,9,0,0,0,0,0,0,0,0,0,0,15,15,15,15,15,15,0,0,0,0,0,0,0,0,0,0,0,0,0,0,0,0,0,0,0,0,0,0,0,0,0,0,0,0,0,0,0,0,0,0,0,0,0,0,0,0,0,0,0,0,0,0,0,0,0,0,0,0,0,0,0,0,0,0,0,0,0,0,0,0
40,Impure Root,0,0,0,0,None,2,2,2,-1,37,25,0,4,5,0,0,,0,0,0,0,0,0,0,0,-10,-3,-3,-3,-3,-3,-3,0,0,0,0,0,0,0,0,0,0,-5,-5,-5,-5,-5,-5,0,0,0,0,0,0,0,0,0,0,0,0,0,0,0,0,0,0,0,0,0,0,0,0,0,0,0,0,0,0,0,0,0,0,0,0,0,0,0,0,0,0,0,0,0,0,0,0,0,0,0,0,0,0,0,0,0,0,0,0,0,0,0,0
41,Misshapen limbs,0,0,0,0,None,2,2,2,-2,37,5,0,4,0,0,0,,0,0,0,0,0,0,0,0,-20,-6,-6,-6,-6,-6,-6,0,0,0,0,0,0,0,0,0,0,-10,-10,-10,-10,-10,-10,0,0,0,0,0,0,0,0,0,0,0,0,0,0,0,0,0,0,0,0,0,0,0,0,0,0,0,0,0,0,0,0,0,0,0,0,0,0,0,0,0,0,0,0,0,0,0,0,0,0,0,0,0,0,0,0,0,0,0,0,0,0,0,0
42,Collapsing Internal Universe,0,0,0,0,None,2,2,2,-3,37,1,0,4,0,0,0,,0,0,0,0,0,0,0,0,-30,-9,-9,-9,-9,-9,-9,0,0,0,0,0,0,0,0,0,0,-15,-15,-15,-15,-15,-15,0,0,0,0,0,0,0,0,0,0,0,0,0,0,0,0,0,0,0,0,0,0,0,0,0,0,0,0,0,0,0,0,0,0,0,0,0,0,0,0,0,0,0,0,0,0,0,0,0,0,0,0,0,0,0,0,0,0,0,0,0,0,0,0
43,Understanding,0,0,0,0,None,0,0,1,1,43,25,0,3,15,0,0,,0,0,0,0,0,0,0,0,0,0,0,0,0,0,0,0,0,0,50,0,0,0,0,0,0,0,0,0,0,0,0,0,0,0,0,0,0,0,0,0,0,0,0,0,0,0,0,0,0,0,0,0,0,0,0,0,0,0,0,0,0,0,0,0,0,0,0,0,0,0,0,0,0,0,0,0,0,0,0,0,0,0,0,0,0,0,0,0,0,0,0,0,0,0,0
44,Considerate from Every Aspect,0,0,0,0,None,0,0,1|1,2,43,5,0,3,10,0,0,,0,0,0,0,0,0,0,0,0,0,0,0,0,0,0,0,0,0,100,0,0,0,0,0,0,0,0,0,0,0,0,0,0,0,0,0,0,0,0,0,0,0,0,0,0,0,0,0,0,0,0,0,0,0,0,0,0,0,0,0,0,0,0,0,0,0,0,0,0,0,0,0,0,0,0,0,0,0,0,0,0,0,0,0,0,0,0,0,0,0,0,0,0,0,0
45,Transcendental,0,0,0,0,None,0,0,1|1|1,3,43,1,0,3,0,0,0,,0,0,0,0,0,0,0,0,0,0,0,0,0,0,0,0,0,0,150,0,0,0,0,0,0,0,0,0,0,0,0,0,0,0,0,0,0,0,0,0,0,0,0,0,0,0,0,0,0,0,0,0,0,0,0,0,0,0,0,0,0,0,0,0,0,0,0,0,0,0,0,0,0,0,0,0,0,0,0,0,0,0,0,0,0,0,0,0,0,0,0,0,0,0,0
46,Fickle and Inconstant,0,0,0,0,None,0,0,2,-1,43,25,0,4,5,0,0,,0,0,0,0,0,0,0,0,0,0,0,0,0,0,0,0,0,0,-50,0,0,0,0,0,0,0,0,0,0,0,0,0,0,0,0,0,0,0,0,0,0,0,0,0,0,0,0,0,0,0,0,0,0,0,0,0,0,0,0,0,0,0,0,0,0,0,0,0,0,0,0,0,0,0,0,0,0,0,0,0,0,0,0,0,0,0,0,0,0,0,0,0,0,0,0
47,Sarcastic and Annoying,0,0,0,0,None,0,0,2|2,-2,43,5,0,4,0,0,0,,0,0,0,0,0,0,0,0,0,0,0,0,0,0,0,0,0,0,-100,0,0,0,0,0,0,0,0,0,0,0,0,0,0,0,0,0,0,0,0,0,0,0,0,0,0,0,0,0,0,0,0,0,0,0,0,0,0,0,0,0,0,0,0,0,0,0,0,0,0,0,0,0,0,0,0,0,0,0,0,0,0,0,0,0,0,0,0,0,0,0,0,0,0,0,0
48,Arrogant and Cruel,0,0,0,0,None,0,0,2|2|2,-3,43,1,0,4,0,0,0,,0,0,0,0,0,0,0,0,0,0,0,0,0,0,0,0,0,0,-150,0,0,0,0,0,0,0,0,0,0,0,0,0,0,0,0,0,0,0,0,0,0,0,0,0,0,0,0,0,0,0,0,0,0,0,0,0,0,0,0,0,0,0,0,0,0,0,0,0,0,0,0,0,0,0,0,0,0,0,0,0,0,0,0,0,0,0,0,0,0,0,0,0,0,0,0
49,Illuminated by Lucky Star,0,0,0,0,None,0,0,1,1,49,25,0,3,15,0,0,,0,0,0,0,0,0,0,0,20,0,0,0,0,0,0,0,0,0,0,0,0,0,0,0,0,0,0,0,0,0,0,0,0,0,0,0,0,0,0,0,0,0,0,0,0,0,0,0,0,0,0,0,0,0,0,0,0,0,0,0,0,0,0,0,0,0,0,0,0,0,0,0,0,0,0,0,0,0,0,0,0,0,0,0,0,0,0,0,0,0,0,0,0,0,0
50,Blessed Divination,0,0,0,0,None,0,0,1|1,2,49,5,0,3,10,0,0,,0,0,0,0,0,0,0,0,35,0,0,0,0,0,0,0,0,0,0,0,0,0,0,0,0,0,0,0,0,0,0,0,0,0,0,0,0,0,0,0,0,0,0,0,0,0,0,0,0,0,0,0,0,0,0,0,0,0,0,0,0,0,0,0,0,0,0,0,0,0,0,0,0,0,0,0,0,0,0,0,0,0,0,0,0,0,0,0,0,0,0,0,0,0,0
51,Heavenly Bestowed Fortune,0,0,0,0,None,0,0,1|1|1,3,49,1,0,3,0,0,0,,0,0,0,0,0,0,0,0,50,0,0,0,0,0,0,0,0,0,0,0,0,0,0,0,0,0,0,0,0,0,0,0,0,0,0,0,0,0,0,0,0,0,0,0,0,0,0,0,0,0,0,0,0,0,0,0,0,0,0,0,0,0,0,0,0,0,0,0,0,0,0,0,0,0,0,0,0,0,0,0,0,0,0,0,0,0,0,0,0,0,0,0,0,0,0
52,Jinx,0,0,0,0,None,0,0,2,-1,49,25,0,4,5,0,0,,0,0,0,0,0,0,0,0,-20,0,0,0,0,0,0,0,0,0,0,0,0,0,0,0,0,0,0,0,0,0,0,0,0,0,0,0,0,0,0,0,0,0,0,0,0,0,0,0,0,0,0,0,0,0,0,0,0,0,0,0,0,0,0,0,0,0,0,0,0,0,0,0,0,0,0,0,0,0,0,0,0,0,0,0,0,0,0,0,0,0,0,0,0,0,0
53,Cursed Divination,0,0,0,0,None,0,0,2|2,-2,49,5,0,4,0,0,0,,0,0,0,0,0,0,0,0,-35,0,0,0,0,0,0,0,0,0,0,0,0,0,0,0,0,0,0,0,0,0,0,0,0,0,0,0,0,0,0,0,0,0,0,0,0,0,0,0,0,0,0,0,0,0,0,0,0,0,0,0,0,0,0,0,0,0,0,0,0,0,0,0,0,0,0,0,0,0,0,0,0,0,0,0,0,0,0,0,0,0,0,0,0,0,0
54,Disastrous Destiny,0,0,0,0,None,0,0,2|2|2,-3,49,1,0,4,0,0,0,,0,0,0,0,0,0,0,0,-50,0,0,0,0,0,0,0,0,0,0,0,0,0,0,0,0,0,0,0,0,0,0,0,0,0,0,0,0,0,0,0,0,0,0,0,0,0,0,0,0,0,0,0,0,0,0,0,0,0,0,0,0,0,0,0,0,0,0,0,0,0,0,0,0,0,0,0,0,0,0,0,0,0,0,0,0,0,0,0,0,0,0,0,0,0,0
55,Tough Bone and Skin,0,0,0,0,None,0,1,0,1,55,25,0,3,15,0,0,,0,0,0,0,0,0,5,0,0,0,0,0,0,0,0,0,0,0,0,0,0,0,0,0,0,0,0,0,0,0,0,0,0,0,0,0,0,0,0,0,0,0,0,0,0,0,0,0,0,0,0,0,0,0,50,0,0,0,0,0,0,0,0,0,0,0,0,0,0,0,0,0,0,0,0,0,0,0,0,0,0,0,0,0,0,0,0,0,0,0,0,0,0,0,0
56,Steely Bone and Tendon,0,0,0,0,None,0,1|1,0,2,55,5,0,3,10,0,0,,0,0,0,0,0,0,10,0,0,0,0,0,0,0,0,0,0,0,0,0,0,0,0,0,0,0,0,0,0,0,0,0,0,0,0,0,0,0,0,0,0,0,0,0,0,0,0,0,0,0,0,0,0,0,100,0,0,0,0,0,0,0,0,0,0,0,0,0,0,0,0,0,0,0,0,0,0,0,0,0,0,0,0,0,0,0,0,0,0,0,0,0,0,0,0
57,Unbreakable,0,0,0,0,None,0,1|1|1,0,3,55,1,0,3,0,0,0,,0,0,0,0,0,0,15,0,0,0,0,0,0,0,0,0,0,0,0,0,0,0,0,0,0,0,0,0,0,0,0,0,0,0,0,0,0,0,0,0,0,0,0,0,0,0,0,0,0,0,0,0,0,0,150,0,0,0,0,0,0,0,0,0,0,0,0,0,0,0,0,0,0,0,0,0,0,0,0,0,0,0,0,0,0,0,0,0,0,0,0,0,0,0,0
58,Lustreless Face,0,0,0,0,None,0,2,0,-1,55,25,0,4,5,0,0,,0,500,0,0,0,0,-5,0,0,0,0,0,0,0,0,0,0,0,0,0,0,0,0,0,0,0,0,0,0,0,0,0,0,0,0,0,0,0,0,0,0,0,0,0,0,0,0,0,0,0,0,0,0,0,-50,0,0,0,0,0,0,0,0,0,0,0,0,0,0,0,0,0,0,0,0,0,0,0,0,0,0,0,0,0,0,0,0,0,0,0,0,0,0,0,0
59,Refractory Wound,0,0,0,0,None,0,2|2,0,-2,55,5,0,4,0,0,0,,0,1000,0,0,0,0,-10,0,0,0,0,0,0,0,0,0,0,0,0,0,0,0,0,0,0,0,0,0,0,0,0,0,0,0,0,0,0,0,0,0,0,0,0,0,0,0,0,0,0,0,0,0,0,0,-100,0,0,0,0,0,0,0,0,0,0,0,0,0,0,0,0,0,0,0,0,0,0,0,0,0,0,0,0,0,0,0,0,0,0,0,0,0,0,0,0
60,Tenuous Hold on Life,0,0,0,0,None,0,2|2|2,0,-3,55,1,0,4,0,0,0,,0,2000,0,0,0,0,-15,0,0,0,0,0,0,0,0,0,0,0,0,0,0,0,0,0,0,0,0,0,0,0,0,0,0,0,0,0,0,0,0,0,0,0,0,0,0,0,0,0,0,0,0,0,0,0,-150,0,0,0,0,0,0,0,0,0,0,0,0,0,0,0,0,0,0,0,0,0,0,0,0,0,0,0,0,0,0,0,0,0,0,0,0,0,0,0,0
61,Harmony of Six Meridians,0,0,0,0,None,0,1,0,1,61,25,0,3,15,0,0,,0,0,0,0,0,0,0,0,0,0,0,0,0,0,0,0,0,0,0,0,0,0,0,0,0,0,0,0,0,0,0,0,0,0,0,0,0,0,0,0,0,0,0,0,0,0,0,0,0,0,0,0,0,0,0,50,0,0,0,0,0,0,0,0,0,0,0,0,0,0,0,0,0,0,0,0,0,0,0,0,0,0,0,0,0,0,0,0,0,0,0,0,0,0,0
62,Everlasting Circulation of Qi,0,0,0,0,None,0,1,0,2,61,5,0,3,10,0,0,,0,0,0,0,0,0,0,0,0,0,0,0,0,0,0,0,0,0,0,0,0,0,0,0,0,0,0,0,0,0,0,0,0,0,0,0,0,0,0,0,0,0,0,0,0,0,0,0,0,0,0,0,0,0,0,100,0,0,0,0,0,0,0,0,0,0,0,0,0,0,0,0,0,0,0,0,0,0,0,0,0,0,0,0,0,0,0,0,0,0,0,0,0,0,0
63,Unity of the Individual and Universe,0,0,0,0,None,0,1,0,3,61,1,0,3,0,0,0,,0,0,0,0,0,0,0,0,0,0,0,0,0,0,0,0,0,0,0,0,0,0,0,0,0,0,0,0,0,0,0,0,0,0,0,0,0,0,0,0,0,0,0,0,0,0,0,0,0,0,0,0,0,0,0,150,0,0,0,0,0,0,0,0,0,0,0,0,0,0,0,0,0,0,0,0,0,0,0,0,0,0,0,0,0,0,0,0,0,0,0,0,0,0,0
64,Blackage of Meridians,0,0,0,0,None,0,2,0,-1,61,25,0,4,5,0,0,,0,500,0,0,0,0,0,0,0,0,0,0,0,0,0,0,0,0,0,0,0,0,0,0,0,0,0,0,0,0,0,0,0,0,0,0,0,0,0,0,0,0,0,0,0,0,0,0,0,0,0,0,0,0,0,-50,0,0,0,0,0,0,0,0,0,0,0,0,0,0,0,0,0,0,0,0,0,0,0,0,0,0,0,0,0,0,0,0,0,0,0,0,0,0,0
65,Yin Deficiency and Qi Shortage,0,0,0,0,None,0,2,0,-2,61,5,0,4,0,0,0,,0,1000,0,0,0,0,0,0,0,0,0,0,0,0,0,0,0,0,0,0,0,0,0,0,0,0,0,0,0,0,0,0,0,0,0,0,0,0,0,0,0,0,0,0,0,0,0,0,0,0,0,0,0,0,0,-100,0,0,0,0,0,0,0,0,0,0,0,0,0,0,0,0,0,0,0,0,0,0,0,0,0,0,0,0,0,0,0,0,0,0,0,0,0,0,0
66,Dead Pulse,0,0,0,0,None,0,2,0,-3,61,1,0,4,0,0,0,,0,2000,0,0,0,0,0,0,0,0,0,0,0,0,0,0,0,0,0,0,0,0,0,0,0,0,0,0,0,0,0,0,0,0,0,0,0,0,0,0,0,0,0,0,0,0,0,0,0,0,0,0,0,0,0,-150,0,0,0,0,0,0,0,0,0,0,0,0,0,0,0,0,0,0,0,0,0,0,0,0,0,0,0,0,0,0,0,0,0,0,0,0,0,0,0
67,Lustrous Complexion,0,0,0,0,None,1,1,1,1,67,25,0,3,15,0,0,,0,0,0,0,5,0,0,0,0,0,0,0,0,0,0,0,0,0,0,0,0,0,0,0,0,0,0,0,0,0,0,0,0,0,0,0,0,0,0,0,0,0,0,0,0,0,0,0,0,0,0,0,0,0,25,25,0,20,0,0,0,0,0,0,0,0,0,0,0,0,0,0,0,0,0,0,0,0,0,0,0,0,0,0,0,0,0,0,0,0,0,0,0,0,0
68,Lively as a Tiger,0,0,0,0,None,1,1,1,2,67,5,0,3,10,0,0,,0,0,0,0,10,0,0,0,0,0,0,0,0,0,0,0,0,0,0,0,0,0,0,0,0,0,0,0,0,0,0,0,0,0,0,0,0,0,0,0,0,0,0,0,0,0,0,0,0,0,0,0,0,0,50,50,0,35,0,0,0,0,0,0,0,0,0,0,0,0,0,0,0,0,0,0,0,0,0,0,0,0,0,0,0,0,0,0,0,0,0,0,0,0,0
69,Immune to Diseases,0,0,0,0,None,1,1,1,3,67,1,0,3,0,0,0,,0,0,0,0,15,0,0,0,0,0,0,0,0,0,0,0,0,0,0,0,0,0,0,0,0,0,0,0,0,0,0,0,0,0,0,0,0,0,0,0,0,0,0,0,0,0,0,0,0,0,0,0,0,0,75,75,0,50,0,0,0,0,0,0,0,0,0,0,0,0,0,0,0,0,0,0,0,0,0,0,0,0,0,0,0,0,0,0,0,0,0,0,0,0,0
70,Sickly,0,0,0,0,None,2,2,2,-1,67,25,0,4,5,0,0,,0,500,0,0,-5,0,0,0,0,0,0,0,0,0,0,0,0,0,0,0,0,0,0,0,0,0,0,0,0,0,0,0,0,0,0,0,0,0,0,0,0,0,0,0,0,0,0,0,0,0,0,0,0,0,-25,-25,0,-20,0,0,0,0,0,0,0,0,0,0,0,0,0,0,0,0,0,0,0,0,0,0,0,0,0,0,0,0,0,0,0,0,0,0,0,0,0
71,Seven Injuries of Entrails,0,0,0,0,Refers to the strain of the heart，liver，spleen，lungs and kidneys; seven injuries refer to ’glutton damaged spleen’，’anger damaged liver’，’wet damaged kidney’，’cold damaged lung’，’agony damaged heart’，’wind damaged shape’，and ’fear damaged mind’,2,2,2,-2,67,5,0,4,0,0,0,,0,1000,0,0,-10,0,0,0,0,0,0,0,0,0,0,0,0,0,0,0,0,0,0,0,0,0,0,0,0,0,0,0,0,0,0,0,0,0,0,0,0,0,0,0,0,0,0,0,0,0,0,0,0,0,-50,-50,0,-35,0,0,0,0,0,0,0,0,0,0,0,0,0,0,0,0,0,0,0,0,0,0,0,0,0,0,0,0,0,0,0,0,0,0,0,0,0
72,Haunted by Hundreds of Diseases,0,0,0,0,None,2,2,2,-3,67,1,0,4,0,0,0,,0,2000,0,0,-15,0,0,0,0,0,0,0,0,0,0,0,0,0,0,0,0,0,0,0,0,0,0,0,0,0,0,0,0,0,0,0,0,0,0,0,0,0,0,0,0,0,0,0,0,0,0,0,0,0,-75,-75,0,-50,0,0,0,0,0,0,0,0,0,0,0,0,0,0,0,0,0,0,0,0,0,0,0,0,0,0,0,0,0,0,0,0,0,0,0,0,0
73,Self-possessed,0,0,0,0,None,0,1,0,1,73,25,0,3,15,0,0,,0,0,0,0,0,0,0,5,0,0,0,0,0,0,0,0,0,0,0,10,0,0,0,0,0,0,0,0,0,0,0,10,0,0,0,0,0,0,0,0,0,0,0,0,0,0,0,0,0,0,0,0,0,0,0,0,0,0,0,0,0,0,0,0,0,0,0,0,0,0,0,0,0,0,0,0,0,0,0,0,0,0,0,0,0,0,0,0,0,0,0,0,0,0,0
74,Calm and Decisive,0,0,0,0,None,0,1|1,0,2,73,5,0,3,10,0,0,,0,0,0,0,0,0,0,10,0,0,0,0,0,0,0,0,0,0,0,20,0,0,0,0,0,0,0,0,0,0,0,20,0,0,0,0,0,0,0,0,0,0,0,0,0,0,0,0,0,0,0,0,0,0,0,0,0,0,0,0,0,0,0,0,0,0,0,0,0,0,0,0,0,0,0,0,0,0,0,0,0,0,0,0,0,0,0,0,0,0,0,0,0,0,0
75,Stable as a Huge Rock,0,0,0,0,None,0,1|1|1,0,3,73,1,0,3,0,0,0,,0,0,0,0,0,0,0,15,0,0,0,0,0,0,0,0,0,0,0,30,0,0,0,0,0,0,0,0,0,0,0,30,0,0,0,0,0,0,0,0,0,0,0,0,0,0,0,0,0,0,0,0,0,0,0,0,0,0,0,0,0,0,0,0,0,0,0,0,0,0,0,0,0,0,0,0,0,0,0,0,0,0,0,0,0,0,0,0,0,0,0,0,0,0,0
76,Impulsive and Emotional,0,0,0,0,None,0,2,0,-1,73,25,0,4,5,0,0,,0,0,0,0,0,0,0,-5,0,0,0,0,0,0,0,0,0,0,0,-10,0,0,0,0,0,0,0,0,0,0,0,-10,0,0,0,0,0,0,0,0,0,0,0,0,0,0,0,0,0,0,0,0,0,0,0,0,0,0,0,0,0,0,0,0,0,0,0,0,0,0,0,0,0,0,0,0,0,0,0,0,0,0,0,0,0,0,0,0,0,0,0,0,0,0,0
77,Rampageous,0,0,0,0,None,0,2|2,0,-2,73,5,0,4,0,0,0,,0,0,0,0,0,0,0,-10,0,0,0,0,0,0,0,0,0,0,0,-20,0,0,0,0,0,0,0,0,0,0,0,-20,0,0,0,0,0,0,0,0,0,0,0,0,0,0,0,0,0,0,0,0,0,0,0,0,0,0,0,0,0,0,0,0,0,0,0,0,0,0,0,0,0,0,0,0,0,0,0,0,0,0,0,0,0,0,0,0,0,0,0,0,0,0,0
78,Presumptuous,0,0,0,0,None,0,2|2|2,0,-3,73,1,0,4,0,0,0,,0,0,0,0,0,0,0,-15,0,0,0,0,0,0,0,0,0,0,0,-30,0,0,0,0,0,0,0,0,0,0,0,-30,0,0,0,0,0,0,0,0,0,0,0,0,0,0,0,0,0,0,0,0,0,0,0,0,0,0,0,0,0,0,0,0,0,0,0,0,0,0,0,0,0,0,0,0,0,0,0,0,0,0,0,0,0,0,0,0,0,0,0,0,0,0,0
79,Confluence of Triple Sources,0,0,0,0,None,0,1,0,1,79,25,0,3,15,0,0,,0,0,0,0,0,0,0,0,0,0,0,0,0,0,0,0,0,0,0,0,10,0,0,0,0,0,0,0,0,0,0,0,10,0,0,0,0,0,0,0,0,0,0,0,0,0,0,0,0,0,0,0,0,0,0,0,0,0,0,0,0,0,0,0,0,0,0,0,0,0,0,0,0,0,0,0,0,0,0,0,0,0,0,0,0,0,0,0,0,0,0,0,0,0,0
80,Congenital Abundance of Qi,0,0,0,0,None,0,1|1,0,2,79,5,0,3,10,0,0,,0,0,0,0,0,0,0,0,0,0,0,0,0,0,0,0,0,0,0,0,20,0,0,0,0,0,0,0,0,0,0,0,20,0,0,0,0,0,0,0,0,0,0,0,0,0,0,0,0,0,0,0,0,0,0,0,0,0,0,0,0,0,0,0,0,0,0,0,0,0,0,0,0,0,0,0,0,0,0,0,0,0,0,0,0,0,0,0,0,0,0,0,0,0,0
81,Shone by Marvellous Light,0,0,0,0,None,0,1|1|1,0,3,79,1,0,3,0,0,0,,0,0,0,0,0,0,0,0,0,0,0,0,0,0,0,0,0,0,0,0,30,0,0,0,0,0,0,0,0,0,0,0,30,0,0,0,0,0,0,0,0,0,0,0,0,0,0,0,0,0,0,0,0,0,0,0,0,0,0,0,0,0,0,0,0,0,0,0,0,0,0,0,0,0,0,0,0,0,0,0,0,0,0,0,0,0,0,0,0,0,0,0,0,0,0
82,Disharmony of Fire and Water,0,0,0,0,None,0,2,0,-1,79,25,0,4,5,0,0,,0,0,0,0,0,0,0,0,0,0,0,0,0,0,0,0,0,0,0,0,-10,0,0,0,0,0,0,0,0,0,0,0,-10,0,0,0,0,0,0,0,0,0,0,0,0,0,0,0,0,0,0,0,0,0,0,0,0,0,0,0,0,0,0,0,0,0,0,0,0,0,0,0,0,0,0,0,0,0,0,0,0,0,0,0,0,0,0,0,0,0,0,0,0,0,0
83,Mutual Restraint of Five Qi,0,0,0,0,None,0,2|2,0,-2,79,5,0,4,0,0,0,,0,0,0,0,0,0,0,0,0,0,0,0,0,0,0,0,0,0,0,0,-20,0,0,0,0,0,0,0,0,0,0,0,-20,0,0,0,0,0,0,0,0,0,0,0,0,0,0,0,0,0,0,0,0,0,0,0,0,0,0,0,0,0,0,0,0,0,0,0,0,0,0,0,0,0,0,0,0,0,0,0,0,0,0,0,0,0,0,0,0,0,0,0,0,0,0
84,Crumbling Source,0,0,0,0,None,0,2|2|2,0,-3,79,1,0,4,0,0,0,,0,0,0,0,0,0,0,0,0,0,0,0,0,0,0,0,0,0,0,0,-30,0,0,0,0,0,0,0,0,0,0,0,-30,0,0,0,0,0,0,0,0,0,0,0,0,0,0,0,0,0,0,0,0,0,0,0,0,0,0,0,0,0,0,0,0,0,0,0,0,0,0,0,0,0,0,0,0,0,0,0,0,0,0,0,0,0,0,0,0,0,0,0,0,0,0
85,Peaceful Mind,0,0,0,0,None,0,0,1,1,85,25,0,3,15,0,0,,0,0,0,0,5,0,0,0,0,0,0,0,0,0,0,0,0,0,0,0,0,10,0,0,0,0,0,0,0,0,0,0,0,10,0,0,0,0,0,0,0,0,0,0,0,0,0,0,0,0,0,0,0,0,0,0,0,0,0,0,0,0,0,0,0,0,0,0,0,0,0,0,0,0,0,0,0,0,0,0,0,0,0,0,0,0,0,0,0,0,0,0,0,0,0
86,Unity of Qi and Mind,0,0,0,0,None,0,0,1,2,85,5,0,3,10,0,0,,0,0,0,0,10,0,0,0,0,0,0,0,0,0,0,0,0,0,0,0,0,20,0,0,0,0,0,0,0,0,0,0,0,20,0,0,0,0,0,0,0,0,0,0,0,0,0,0,0,0,0,0,0,0,0,0,0,0,0,0,0,0,0,0,0,0,0,0,0,0,0,0,0,0,0,0,0,0,0,0,0,0,0,0,0,0,0,0,0,0,0,0,0,0,0
87,Unobstructive Eight Meridians,0,0,0,0,None,0,0,1,3,85,1,0,3,0,0,0,,0,0,0,0,15,0,0,0,0,0,0,0,0,0,0,0,0,0,0,0,0,30,0,0,0,0,0,0,0,0,0,0,0,30,0,0,0,0,0,0,0,0,0,0,0,0,0,0,0,0,0,0,0,0,0,0,0,0,0,0,0,0,0,0,0,0,0,0,0,0,0,0,0,0,0,0,0,0,0,0,0,0,0,0,0,0,0,0,0,0,0,0,0,0,0
88,Irritable,0,0,0,0,None,0,0,2,-1,85,25,0,4,5,0,0,,0,500,0,0,-5,0,0,0,0,0,0,0,0,0,0,0,0,0,0,0,0,-10,0,0,0,0,0,0,0,0,0,0,0,-10,0,0,0,0,0,0,0,0,0,0,0,0,0,0,0,0,0,0,0,0,0,0,0,0,0,0,0,0,0,0,0,0,0,0,0,0,0,0,0,0,0,0,0,0,0,0,0,0,0,0,0,0,0,0,0,0,0,0,0,0,0
89,Anxiety Causing Qi Stagnation,0,0,0,0,None,0,0,2,-2,85,5,0,4,0,0,0,,0,1000,0,0,-10,0,0,0,0,0,0,0,0,0,0,0,0,0,0,0,0,-20,0,0,0,0,0,0,0,0,0,0,0,-20,0,0,0,0,0,0,0,0,0,0,0,0,0,0,0,0,0,0,0,0,0,0,0,0,0,0,0,0,0,0,0,0,0,0,0,0,0,0,0,0,0,0,0,0,0,0,0,0,0,0,0,0,0,0,0,0,0,0,0,0,0
90,Sanjiao Converse,0,0,0,0,None,0,0,2,-3,85,1,0,4,0,0,0,,0,2000,0,0,-15,0,0,0,0,0,0,0,0,0,0,0,0,0,0,0,0,-30,0,0,0,0,0,0,0,0,0,0,0,-30,0,0,0,0,0,0,0,0,0,0,0,0,0,0,0,0,0,0,0,0,0,0,0,0,0,0,0,0,0,0,0,0,0,0,0,0,0,0,0,0,0,0,0,0,0,0,0,0,0,0,0,0,0,0,0,0,0,0,0,0,0
91,Calm and Silent,0,0,0,0,None,0,1,0,1,91,25,0,3,15,0,0,,0,0,0,0,0,0,5,0,0,0,0,0,0,0,0,0,0,0,0,0,0,0,10,0,0,0,0,0,0,0,0,0,0,0,10,0,0,0,0,0,0,0,0,0,0,0,0,0,0,0,0,0,0,0,0,0,0,0,0,0,0,0,0,0,0,0,0,0,0,0,0,0,0,0,0,0,0,0,0,0,0,0,0,0,0,0,0,0,0,0,0,0,0,0,0
92,Unaffected by Dilemma,0,0,0,0,None,0,1,1,2,91,5,0,3,10,0,0,,0,0,0,0,0,0,10,0,0,0,0,0,0,0,0,0,0,0,0,0,0,0,20,0,0,0,0,0,0,0,0,0,0,0,20,0,0,0,0,0,0,0,0,0,0,0,0,0,0,0,0,0,0,0,0,0,0,0,0,0,0,0,0,0,0,0,0,0,0,0,0,0,0,0,0,0,0,0,0,0,0,0,0,0,0,0,0,0,0,0,0,0,0,0,0
93,Carefree and Graceful,0,0,0,0,None,0,1|1,1,3,91,1,0,3,0,0,0,,0,0,0,0,0,0,15,0,0,0,0,0,0,0,0,0,0,0,0,0,0,0,30,0,0,0,0,0,0,0,0,0,0,0,30,0,0,0,0,0,0,0,0,0,0,0,0,0,0,0,0,0,0,0,0,0,0,0,0,0,0,0,0,0,0,0,0,0,0,0,0,0,0,0,0,0,0,0,0,0,0,0,0,0,0,0,0,0,0,0,0,0,0,0,0
94,Stressed,0,0,0,0,None,0,2,0,-1,91,25,0,4,5,0,0,,0,0,0,0,0,0,-5,0,0,0,0,0,0,0,0,0,0,0,0,0,0,0,-10,0,0,0,0,0,0,0,0,0,0,0,-10,0,0,0,0,0,0,0,0,0,0,0,0,0,0,0,0,0,0,0,0,0,0,0,0,0,0,0,0,0,0,0,0,0,0,0,0,0,0,0,0,0,0,0,0,0,0,0,0,0,0,0,0,0,0,0,0,0,0,0,0
95,Indiscreet,0,0,0,0,None,0,2,2,-2,91,5,0,4,0,0,0,,0,0,0,0,0,0,-10,0,0,0,0,0,0,0,0,0,0,0,0,0,0,0,-20,0,0,0,0,0,0,0,0,0,0,0,-20,0,0,0,0,0,0,0,0,0,0,0,0,0,0,0,0,0,0,0,0,0,0,0,0,0,0,0,0,0,0,0,0,0,0,0,0,0,0,0,0,0,0,0,0,0,0,0,0,0,0,0,0,0,0,0,0,0,0,0,0
96,Hyperactive,0,0,0,0,None,0,2|2,2,-3,91,1,0,4,0,0,0,,0,0,0,0,0,0,-15,0,0,0,0,0,0,0,0,0,0,0,0,0,0,0,-30,0,0,0,0,0,0,0,0,0,0,0,-30,0,0,0,0,0,0,0,0,0,0,0,0,0,0,0,0,0,0,0,0,0,0,0,0,0,0,0,0,0,0,0,0,0,0,0,0,0,0,0,0,0,0,0,0,0,0,0,0,0,0,0,0,0,0,0,0,0,0,0,0
97,Meticulous,0,0,0,0,None,0,0,1,1,97,25,0,3,15,0,0,,0,0,5,0,0,0,0,0,0,0,0,0,0,0,0,0,0,0,0,0,0,0,0,10,0,0,0,0,0,0,0,0,0,0,0,10,0,0,0,0,0,0,0,0,0,0,0,0,0,0,0,0,0,0,0,0,0,0,0,0,0,0,0,0,0,0,0,0,0,0,0,0,0,0,0,0,0,0,0,0,0,0,0,0,0,0,0,0,0,0,0,0,0,0,0
98,Insightful,0,0,0,0,None,0,0,1|1,2,97,5,0,3,10,0,0,,0,0,10,0,0,0,0,0,0,0,0,0,0,0,0,0,0,0,0,0,0,0,0,20,0,0,0,0,0,0,0,0,0,0,0,20,0,0,0,0,0,0,0,0,0,0,0,0,0,0,0,0,0,0,0,0,0,0,0,0,0,0,0,0,0,0,0,0,0,0,0,0,0,0,0,0,0,0,0,0,0,0,0,0,0,0,0,0,0,0,0,0,0,0,0
99,Piecing Eyes,0,0,0,0,None,0,0,1|1|1,3,97,1,0,3,0,0,0,,0,0,15,0,0,0,0,0,0,0,0,0,0,0,0,0,0,0,0,0,0,0,0,30,0,0,0,0,0,0,0,0,0,0,0,30,0,0,0,0,0,0,0,0,0,0,0,0,0,0,0,0,0,0,0,0,0,0,0,0,0,0,0,0,0,0,0,0,0,0,0,0,0,0,0,0,0,0,0,0,0,0,0,0,0,0,0,0,0,0,0,0,0,0,0
100,Hesitant,0,0,0,0,None,0,0,2,-1,97,25,0,4,5,0,0,,0,0,-5,0,0,0,0,0,0,0,0,0,0,0,0,0,0,0,0,0,0,0,0,-10,0,0,0,0,0,0,0,0,0,0,0,-10,0,0,0,0,0,0,0,0,0,0,0,0,0,0,0,0,0,0,0,0,0,0,0,0,0,0,0,0,0,0,0,0,0,0,0,0,0,0,0,0,0,0,0,0,0,0,0,0,0,0,0,0,0,0,0,0,0,0,0
101,Paranoid,0,0,0,0,None,0,0,2|2,-2,97,5,0,4,0,0,0,,0,0,-10,0,0,0,0,0,0,0,0,0,0,0,0,0,0,0,0,0,0,0,0,-20,0,0,0,0,0,0,0,0,0,0,0,-20,0,0,0,0,0,0,0,0,0,0,0,0,0,0,0,0,0,0,0,0,0,0,0,0,0,0,0,0,0,0,0,0,0,0,0,0,0,0,0,0,0,0,0,0,0,0,0,0,0,0,0,0,0,0,0,0,0,0,0
102,Upside Down Dressed,0,0,0,0,None,0,0,2|2|2,-3,97,1,0,4,0,0,0,,0,0,-15,0,0,0,0,0,0,0,0,0,0,0,0,0,0,0,0,0,0,0,0,-30,0,0,0,0,0,0,0,0,0,0,0,-30,0,0,0,0,0,0,0,0,0,0,0,0,0,0,0,0,0,0,0,0,0,0,0,0,0,0,0,0,0,0,0,0,0,0,0,0,0,0,0,0,0,0,0,0,0,0,0,0,0,0,0,0,0,0,0,0,0,0,0
103,Faster than Eyes,0,0,0,0,None,0,0,1,1,103,25,0,3,15,0,0,,0,0,0,5,0,0,0,0,0,0,0,0,0,0,0,0,0,0,0,0,0,0,0,0,10,0,0,0,0,0,0,0,0,0,0,0,10,0,0,0,0,0,0,0,0,0,0,0,0,0,0,0,0,0,0,0,0,0,0,0,0,0,0,0,0,0,0,0,0,0,0,0,0,0,0,0,0,0,0,0,0,0,0,0,0,0,0,0,0,0,0,0,0,0,0
104,Whisper from Wind,0,0,0,0,None,1,0,1,2,103,5,0,3,10,0,0,,0,0,0,10,0,0,0,0,0,0,0,0,0,0,0,0,0,0,0,0,0,0,0,0,20,0,0,0,0,0,0,0,0,0,0,0,20,0,0,0,0,0,0,0,0,0,0,0,0,0,0,0,0,0,0,0,0,0,0,0,0,0,0,0,0,0,0,0,0,0,0,0,0,0,0,0,0,0,0,0,0,0,0,0,0,0,0,0,0,0,0,0,0,0,0
105,Elusive as Shadow,0,0,0,0,None,1,0,1|1,3,103,1,0,3,0,0,0,,0,0,0,15,0,0,0,0,0,0,0,0,0,0,0,0,0,0,0,0,0,0,0,0,30,0,0,0,0,0,0,0,0,0,0,0,30,0,0,0,0,0,0,0,0,0,0,0,0,0,0,0,0,0,0,0,0,0,0,0,0,0,0,0,0,0,0,0,0,0,0,0,0,0,0,0,0,0,0,0,0,0,0,0,0,0,0,0,0,0,0,0,0,0,0
106,Slow in Responce,0,0,0,0,None,0,0,2,-1,103,25,0,4,5,0,0,,0,0,0,-5,0,0,0,0,0,0,0,0,0,0,0,0,0,0,0,0,0,0,0,0,-10,0,0,0,0,0,0,0,0,0,0,0,-10,0,0,0,0,0,0,0,0,0,0,0,0,0,0,0,0,0,0,0,0,0,0,0,0,0,0,0,0,0,0,0,0,0,0,0,0,0,0,0,0,0,0,0,0,0,0,0,0,0,0,0,0,0,0,0,0,0,0
107,Confused about Left and Right,0,0,0,0,None,2,0,2,-2,103,5,0,4,0,0,0,,0,0,0,-10,0,0,0,0,0,0,0,0,0,0,0,0,0,0,0,0,0,0,0,0,-20,0,0,0,0,0,0,0,0,0,0,0,-20,0,0,0,0,0,0,0,0,0,0,0,0,0,0,0,0,0,0,0,0,0,0,0,0,0,0,0,0,0,0,0,0,0,0,0,0,0,0,0,0,0,0,0,0,0,0,0,0,0,0,0,0,0,0,0,0,0,0
108,Discord of Mind and Body,0,0,0,0,None,2,0,2|2,-3,103,1,0,4,0,0,0,,0,0,0,-15,0,0,0,0,0,0,0,0,0,0,0,0,0,0,0,0,0,0,0,0,-30,0,0,0,0,0,0,0,0,0,0,0,-30,0,0,0,0,0,0,0,0,0,0,0,0,0,0,0,0,0,0,0,0,0,0,0,0,0,0,0,0,0,0,0,0,0,0,0,0,0,0,0,0,0,0,0,0,0,0,0,0,0,0,0,0,0,0,0,0,0,0
109,Adventurous,0,0,0,0,None,1,0,0,1,109,25,0,3,15,0,0,,0,0,0,0,0,5,0,0,0,0,0,0,0,0,0,0,0,0,0,0,0,0,0,0,0,0,0,0,0,0,0,0,0,0,0,0,0,5,0,0,0,0,0,0,0,0,0,0,0,0,0,0,0,0,0,0,0,0,0,0,0,0,0,0,0,0,0,0,0,0,0,0,0,0,0,0,0,0,0,0,0,0,0,0,0,0,0,0,0,0,0,0,0,0,0
110,Dauntless,0,0,0,0,None,1|1,0,0,2,109,5,0,3,10,0,0,,0,0,0,0,0,10,0,0,0,0,0,0,0,0,0,0,0,0,0,0,0,0,0,0,0,0,0,0,0,0,0,0,0,0,0,0,0,10,0,0,0,0,0,0,0,0,0,0,0,0,0,0,0,0,0,0,0,0,0,0,0,0,0,0,0,0,0,0,0,0,0,0,0,0,0,0,0,0,0,0,0,0,0,0,0,0,0,0,0,0,0,0,0,0,0
111,Risking Life Unhesitatingly,0,0,0,0,None,1|1|1,0,0,3,109,1,0,3,0,0,0,,0,0,0,0,0,15,0,0,0,0,0,0,0,0,0,0,0,0,0,0,0,0,0,0,0,0,0,0,0,0,0,0,0,0,0,0,0,15,0,0,0,0,0,0,0,0,0,0,0,0,0,0,0,0,0,0,0,0,0,0,0,0,0,0,0,0,0,0,0,0,0,0,0,0,0,0,0,0,0,0,0,0,0,0,0,0,0,0,0,0,0,0,0,0,0
112,Weak-willed,0,0,0,0,None,2,0,0,-1,109,25,0,4,5,0,0,,0,0,0,0,0,-5,0,0,0,0,0,0,0,0,0,0,0,0,0,0,0,0,0,0,0,0,0,0,0,0,0,0,0,0,0,0,0,-5,0,0,0,0,0,0,0,0,0,0,0,0,0,0,0,0,0,0,0,0,0,0,0,0,0,0,0,0,0,0,0,0,0,0,0,0,0,0,0,0,0,0,0,0,0,0,0,0,0,0,0,0,0,0,0,0,0
113,Discouraged and Depressed,0,0,0,0,None,2|2,0,0,-2,109,5,0,4,0,0,0,,0,0,0,0,0,-10,0,0,0,0,0,0,0,0,0,0,0,0,0,0,0,0,0,0,0,0,0,0,0,0,0,0,0,0,0,0,0,-10,0,0,0,0,0,0,0,0,0,0,0,0,0,0,0,0,0,0,0,0,0,0,0,0,0,0,0,0,0,0,0,0,0,0,0,0,0,0,0,0,0,0,0,0,0,0,0,0,0,0,0,0,0,0,0,0,0
114,Cowardly as a Rat,0,0,0,0,None,2|2|2,0,0,-3,109,1,0,4,0,0,0,,0,0,0,0,0,-15,0,0,0,0,0,0,0,0,0,0,0,0,0,0,0,0,0,0,0,0,0,0,0,0,0,0,0,0,0,0,0,-15,0,0,0,0,0,0,0,0,0,0,0,0,0,0,0,0,0,0,0,0,0,0,0,0,0,0,0,0,0,0,0,0,0,0,0,0,0,0,0,0,0,0,0,0,0,0,0,0,0,0,0,0,0,0,0,0,0
115,Man of Means,0,0,0,0,None,0,0,1,1,115,25,0,3,15,0,0,,0,0,5,0,0,0,0,0,0,0,0,0,0,0,0,0,0,0,0,0,0,0,0,0,0,0,0,0,0,0,0,0,0,0,0,0,0,0,5,0,0,0,0,0,0,0,0,0,0,0,0,0,0,0,0,0,0,0,0,0,0,0,0,0,0,0,0,0,0,0,0,0,0,0,0,0,0,0,0,0,0,0,0,0,0,0,0,0,0,0,0,0,0,0,0
116,Observing before Acting,0,0,0,0,None,0,0,1|1,2,115,5,0,3,10,0,0,,0,0,10,0,0,0,0,0,0,0,0,0,0,0,0,0,0,0,0,0,0,0,0,0,0,0,0,0,0,0,0,0,0,0,0,0,0,0,10,0,0,0,0,0,0,0,0,0,0,0,0,0,0,0,0,0,0,0,0,0,0,0,0,0,0,0,0,0,0,0,0,0,0,0,0,0,0,0,0,0,0,0,0,0,0,0,0,0,0,0,0,0,0,0,0
117,Master of Strategy,0,0,0,0,None,0,0,1|1|1,3,115,1,0,3,0,0,0,,0,0,15,0,0,0,0,0,0,0,0,0,0,0,0,0,0,0,0,0,0,0,0,0,0,0,0,0,0,0,0,0,0,0,0,0,0,0,15,0,0,0,0,0,0,0,0,0,0,0,0,0,0,0,0,0,0,0,0,0,0,0,0,0,0,0,0,0,0,0,0,0,0,0,0,0,0,0,0,0,0,0,0,0,0,0,0,0,0,0,0,0,0,0,0
118,Frank but Dull,0,0,0,0,None,0,0,2,-1,115,25,0,4,5,0,0,,0,0,-5,0,0,0,0,0,0,0,0,0,0,0,0,0,0,0,0,0,0,0,0,0,0,0,0,0,0,0,0,0,0,0,0,0,0,0,-5,0,0,0,0,0,0,0,0,0,0,0,0,0,0,0,0,0,0,0,0,0,0,0,0,0,0,0,0,0,0,0,0,0,0,0,0,0,0,0,0,0,0,0,0,0,0,0,0,0,0,0,0,0,0,0,0
119,Incautious and Impetuous,0,0,0,0,None,0,0,2|2,-2,115,5,0,4,0,0,0,,0,0,-10,0,0,0,0,0,0,0,0,0,0,0,0,0,0,0,0,0,0,0,0,0,0,0,0,0,0,0,0,0,0,0,0,0,0,0,-10,0,0,0,0,0,0,0,0,0,0,0,0,0,0,0,0,0,0,0,0,0,0,0,0,0,0,0,0,0,0,0,0,0,0,0,0,0,0,0,0,0,0,0,0,0,0,0,0,0,0,0,0,0,0,0,0
120,Reckless as a Tiger,0,0,0,0,None,0,0,2|2|2,-3,115,1,0,4,0,0,0,,0,0,-15,0,0,0,0,0,0,0,0,0,0,0,0,0,0,0,0,0,0,0,0,0,0,0,0,0,0,0,0,0,0,0,0,0,0,0,-15,0,0,0,0,0,0,0,0,0,0,0,0,0,0,0,0,0,0,0,0,0,0,0,0,0,0,0,0,0,0,0,0,0,0,0,0,0,0,0,0,0,0,0,0,0,0,0,0,0,0,0,0,0,0,0,0
121,Move as a Running Rabit,0,0,0,0,None,1,0,0,1,121,25,0,3,15,0,0,,0,0,0,5,0,0,0,0,0,0,0,0,0,0,0,0,0,0,0,0,0,0,0,0,0,0,0,0,0,0,0,0,0,0,0,0,0,0,0,5,0,0,0,0,0,0,0,0,0,0,0,0,0,0,0,0,0,0,0,0,0,0,0,0,0,0,0,0,0,0,0,0,0,0,0,0,0,0,0,0,0,0,0,0,0,0,0,0,0,0,0,0,0,0,0
122,Move in a Flash,0,0,0,0,None,1,0,1,2,121,5,0,3,10,0,0,,0,0,0,10,0,0,0,0,0,0,0,0,0,0,0,0,0,0,0,0,0,0,0,0,0,0,0,0,0,0,0,0,0,0,0,0,0,0,0,10,0,0,0,0,0,0,0,0,0,0,0,0,0,0,0,0,0,0,0,0,0,0,0,0,0,0,0,0,0,0,0,0,0,0,0,0,0,0,0,0,0,0,0,0,0,0,0,0,0,0,0,0,0,0,0
123,Swiftness as Immortals,0,0,0,0,None,1|1,0,1,3,121,1,0,3,0,0,0,,0,0,0,15,0,0,0,0,0,0,0,0,0,0,0,0,0,0,0,0,0,0,0,0,0,0,0,0,0,0,0,0,0,0,0,0,0,0,0,15,0,0,0,0,0,0,0,0,0,0,0,0,0,0,0,0,0,0,0,0,0,0,0,0,0,0,0,0,0,0,0,0,0,0,0,0,0,0,0,0,0,0,0,0,0,0,0,0,0,0,0,0,0,0,0
124,Indolent,0,0,0,0,None,2,0,0,-1,121,25,0,4,5,0,0,,0,0,0,-5,0,0,0,0,0,0,0,0,0,0,0,0,0,0,0,0,0,0,0,0,0,0,0,0,0,0,0,0,0,0,0,0,0,0,0,-5,0,0,0,0,0,0,0,0,0,0,0,0,0,0,0,0,0,0,0,0,0,0,0,0,0,0,0,0,0,0,0,0,0,0,0,0,0,0,0,0,0,0,0,0,0,0,0,0,0,0,0,0,0,0,0
125,Extremely Indolent,0,0,0,0,None,2,0,2,-2,121,5,0,4,0,0,0,,0,0,0,-10,0,0,0,0,0,0,0,0,0,0,0,0,0,0,0,0,0,0,0,0,0,0,0,0,0,0,0,0,0,0,0,0,0,0,0,-10,0,0,0,0,0,0,0,0,0,0,0,0,0,0,0,0,0,0,0,0,0,0,0,0,0,0,0,0,0,0,0,0,0,0,0,0,0,0,0,0,0,0,0,0,0,0,0,0,0,0,0,0,0,0,0
126,Completely Indolent,0,0,0,0,None,2|2,0,2,-3,121,1,0,4,0,0,0,,0,0,0,-15,0,0,0,0,0,0,0,0,0,0,0,0,0,0,0,0,0,0,0,0,0,0,0,0,0,0,0,0,0,0,0,0,0,0,0,-15,0,0,0,0,0,0,0,0,0,0,0,0,0,0,0,0,0,0,0,0,0,0,0,0,0,0,0,0,0,0,0,0,0,0,0,0,0,0,0,0,0,0,0,0,0,0,0,0,0,0,0,0,0,0,0
127,Filled with Murderous Qi,0,0,0,0,None,1,0,0,1,127,25,0,3,15,0,0,,0,0,0,0,0,5,0,0,0,0,0,0,0,0,0,0,0,0,0,0,0,0,0,0,0,0,0,0,0,0,0,0,0,0,0,0,0,0,0,0,10,0,5,0,0,0,0,0,0,0,0,0,0,0,0,0,0,0,0,0,0,0,0,0,0,0,0,0,0,0,0,0,0,0,0,0,0,0,0,0,0,0,0,0,0,0,0,0,0,0,0,0,0,0,0
128,Merciless,0,0,0,0,None,1|1,0,0,2,127,5,0,3,10,0,0,,0,0,0,0,0,10,0,0,0,0,0,0,0,0,0,0,0,0,0,0,0,0,0,0,0,0,0,0,0,0,0,0,0,0,0,0,0,0,0,0,20,0,10,0,0,0,0,0,0,0,0,0,0,0,0,0,0,0,0,0,0,0,0,0,0,0,0,0,0,0,0,0,0,0,0,0,0,0,0,0,0,0,0,0,0,0,0,0,0,0,0,0,0,0,0
129,Fierce as a Rakshasa,0,0,0,0,None,1|1|1,0,0,3,127,1,0,3,0,0,0,,0,0,0,0,0,15,0,0,0,0,0,0,0,0,0,0,0,0,0,0,0,0,0,0,0,0,0,0,0,0,0,0,0,0,0,0,0,0,0,0,30,0,15,0,0,0,0,0,0,0,0,0,0,0,0,0,0,0,0,0,0,0,0,0,0,0,0,0,0,0,0,0,0,0,0,0,0,0,0,0,0,0,0,0,0,0,0,0,0,0,0,0,0,0,0
130,Tenderhearted,0,0,0,0,None,2,0,0,-1,127,25,0,4,5,0,0,,0,0,0,0,0,-5,0,0,0,0,0,0,0,0,0,0,0,0,0,0,0,0,0,0,0,0,0,0,0,0,0,0,0,0,0,0,0,0,0,0,-10,0,-5,0,0,0,0,0,0,0,0,0,0,0,0,0,0,0,0,0,0,0,0,0,0,0,0,0,0,0,0,0,0,0,0,0,0,0,0,0,0,0,0,0,0,0,0,0,0,0,0,0,0,0,0
131,Merciful to Enemies,0,0,0,0,None,2|2,0,0,-2,127,5,0,4,0,0,0,,0,0,0,0,0,-10,0,0,0,0,0,0,0,0,0,0,0,0,0,0,0,0,0,0,0,0,0,0,0,0,0,0,0,0,0,0,0,0,0,0,-20,0,-10,0,0,0,0,0,0,0,0,0,0,0,0,0,0,0,0,0,0,0,0,0,0,0,0,0,0,0,0,0,0,0,0,0,0,0,0,0,0,0,0,0,0,0,0,0,0,0,0,0,0,0,0
132,Sympethetic to Flowers,0,0,0,0,None,2|2|2,0,0,-3,127,1,0,4,0,0,0,,0,0,0,0,0,-15,0,0,0,0,0,0,0,0,0,0,0,0,0,0,0,0,0,0,0,0,0,0,0,0,0,0,0,0,0,0,0,0,0,0,-30,0,-15,0,0,0,0,0,0,0,0,0,0,0,0,0,0,0,0,0,0,0,0,0,0,0,0,0,0,0,0,0,0,0,0,0,0,0,0,0,0,0,0,0,0,0,0,0,0,0,0,0,0,0,0
133,Might Pulse,0,0,0,0,None,1,0,0,1,133,25,0,3,15,0,0,,0,0,0,0,0,0,0,0,0,0,0,0,0,0,0,0,0,0,0,0,0,0,0,0,0,0,0,0,0,0,0,0,0,0,0,0,0,0,0,0,0,10,0,5,0,0,0,0,0,0,0,0,0,0,0,0,0,0,0,0,0,0,0,0,0,0,0,0,0,0,0,0,0,0,0,0,0,0,0,0,0,0,0,0,0,0,0,0,0,0,0,0,0,0,0
134,Profusion of Qihai,0,0,0,0,None,1|1,0,0,2,133,5,0,3,10,0,0,,0,0,0,0,0,0,0,0,0,0,0,0,0,0,0,0,0,0,0,0,0,0,0,0,0,0,0,0,0,0,0,0,0,0,0,0,0,0,0,0,0,20,0,10,0,0,0,0,0,0,0,0,0,0,0,0,0,0,0,0,0,0,0,0,0,0,0,0,0,0,0,0,0,0,0,0,0,0,0,0,0,0,0,0,0,0,0,0,0,0,0,0,0,0,0
135,Pure Genuine Qi,0,0,0,0,None,1|1|1,0,0,3,133,1,0,3,0,0,0,,0,0,0,0,0,0,0,0,0,0,0,0,0,0,0,0,0,0,0,0,0,0,0,0,0,0,0,0,0,0,0,0,0,0,0,0,0,0,0,0,0,30,0,15,0,0,0,0,0,0,0,0,0,0,0,0,0,0,0,0,0,0,0,0,0,0,0,0,0,0,0,0,0,0,0,0,0,0,0,0,0,0,0,0,0,0,0,0,0,0,0,0,0,0,0
136,Floating Pulse,0,0,0,0,None,2,0,0,-1,133,25,0,4,5,0,0,,0,0,0,0,0,0,0,0,0,0,0,0,0,0,0,0,0,0,0,0,0,0,0,0,0,0,0,0,0,0,0,0,0,0,0,0,0,0,0,0,0,-10,0,-5,0,0,0,0,0,0,0,0,0,0,0,0,0,0,0,0,0,0,0,0,0,0,0,0,0,0,0,0,0,0,0,0,0,0,0,0,0,0,0,0,0,0,0,0,0,0,0,0,0,0,0
137,Void of Qihao,0,0,0,0,None,2|2,0,0,-2,133,5,0,4,0,0,0,,0,0,0,0,0,0,0,0,0,0,0,0,0,0,0,0,0,0,0,0,0,0,0,0,0,0,0,0,0,0,0,0,0,0,0,0,0,0,0,0,0,-20,0,-10,0,0,0,0,0,0,0,0,0,0,0,0,0,0,0,0,0,0,0,0,0,0,0,0,0,0,0,0,0,0,0,0,0,0,0,0,0,0,0,0,0,0,0,0,0,0,0,0,0,0,0
138,Impure Genuine Qi,0,0,0,0,None,2|2|2,0,0,-3,133,1,0,4,0,0,0,,0,0,0,0,0,0,0,0,0,0,0,0,0,0,0,0,0,0,0,0,0,0,0,0,0,0,0,0,0,0,0,0,0,0,0,0,0,0,0,0,0,-30,0,-15,0,0,0,0,0,0,0,0,0,0,0,0,0,0,0,0,0,0,0,0,0,0,0,0,0,0,0,0,0,0,0,0,0,0,0,0,0,0,0,0,0,0,0,0,0,0,0,0,0,0,0
139,Complete Five Elements,0,0,0,0,None,1,0,0,1,139,25,0,3,15,0,0,,0,0,0,0,0,0,0,5,0,0,0,0,0,0,0,0,0,0,0,0,0,0,0,0,0,0,0,0,0,0,0,0,0,0,0,0,0,0,0,0,0,0,0,0,10,0,0,0,10,0,0,0,0,0,0,0,0,0,0,0,0,0,0,0,0,0,0,0,0,0,0,0,0,0,0,0,0,0,0,0,0,0,0,0,0,0,0,0,0,0,0,0,0,0,0
140,Supreme Harmony of Qi,0,0,0,0,None,1,0,0,2,139,5,0,3,10,0,0,,0,0,0,0,0,0,0,10,0,0,0,0,0,0,0,0,0,0,0,0,0,0,0,0,0,0,0,0,0,0,0,0,0,0,0,0,0,0,0,0,0,0,0,0,20,0,0,0,20,0,0,0,0,0,0,0,0,0,0,0,0,0,0,0,0,0,0,0,0,0,0,0,0,0,0,0,0,0,0,0,0,0,0,0,0,0,0,0,0,0,0,0,0,0,0
141,Unity of Nadis,0,0,0,0,None,1,0,0,3,139,1,0,3,0,0,0,,0,0,0,0,0,0,0,15,0,0,0,0,0,0,0,0,0,0,0,0,0,0,0,0,0,0,0,0,0,0,0,0,0,0,0,0,0,0,0,0,0,0,0,0,30,0,0,0,30,0,0,0,0,0,0,0,0,0,0,0,0,0,0,0,0,0,0,0,0,0,0,0,0,0,0,0,0,0,0,0,0,0,0,0,0,0,0,0,0,0,0,0,0,0,0
142,Disorder of Spirit,0,0,0,0,None,2,0,0,-1,139,25,0,4,5,0,0,,0,0,0,0,0,0,0,-5,0,0,0,0,0,0,0,0,0,0,0,0,0,0,0,0,0,0,0,0,0,0,0,0,0,0,0,0,0,0,0,0,0,0,0,0,-10,0,0,0,-10,0,0,0,0,0,0,0,0,0,0,0,0,0,0,0,0,0,0,0,0,0,0,0,0,0,0,0,0,0,0,0,0,0,0,0,0,0,0,0,0,0,0,0,0,0,0
143,Obstruction of Life Gate,0,0,0,0,None,2,0,0,-2,139,5,0,4,0,0,0,,0,0,0,0,0,0,0,-10,0,0,0,0,0,0,0,0,0,0,0,0,0,0,0,0,0,0,0,0,0,0,0,0,0,0,0,0,0,0,0,0,0,0,0,0,-20,0,0,0,-20,0,0,0,0,0,0,0,0,0,0,0,0,0,0,0,0,0,0,0,0,0,0,0,0,0,0,0,0,0,0,0,0,0,0,0,0,0,0,0,0,0,0,0,0,0,0
144,Iron Embryo,0,0,0,0,None,2,0,0,-3,139,1,0,4,0,0,0,,0,0,0,0,0,0,0,-15,0,0,0,0,0,0,0,0,0,0,0,0,0,0,0,0,0,0,0,0,0,0,0,0,0,0,0,0,0,0,0,0,0,0,0,0,-30,0,0,0,-30,0,0,0,0,0,0,0,0,0,0,0,0,0,0,0,0,0,0,0,0,0,0,0,0,0,0,0,0,0,0,0,0,0,0,0,0,0,0,0,0,0,0,0,0,0,0
145,Flying Pace,0,0,0,0,None,1,0,0,1,145,25,0,3,15,0,0,,0,0,0,0,0,0,5,0,0,0,0,0,0,0,0,0,0,0,0,0,0,0,0,0,0,0,0,0,0,0,0,0,0,0,0,0,0,0,0,0,0,0,0,0,0,10,0,0,0,0,0,0,10,0,0,0,0,0,0,0,0,0,0,0,0,0,0,0,0,0,0,0,0,0,0,0,0,0,0,0,0,0,0,0,0,0,0,0,0,0,0,0,0,0,0
146,Mighty Stride,0,0,0,0,None,1,1,0,2,145,5,0,3,10,0,0,,0,0,0,0,0,0,10,0,0,0,0,0,0,0,0,0,0,0,0,0,0,0,0,0,0,0,0,0,0,0,0,0,0,0,0,0,0,0,0,0,0,0,0,0,0,20,0,0,0,0,0,0,20,0,0,0,0,0,0,0,0,0,0,0,0,0,0,0,0,0,0,0,0,0,0,0,0,0,0,0,0,0,0,0,0,0,0,0,0,0,0,0,0,0,0
147,Leap as a Dragon,0,0,0,0,None,1|1,1,0,3,145,1,0,3,0,0,0,,0,0,0,0,0,0,15,0,0,0,0,0,0,0,0,0,0,0,0,0,0,0,0,0,0,0,0,0,0,0,0,0,0,0,0,0,0,0,0,0,0,0,0,0,0,30,0,0,0,0,0,0,30,0,0,0,0,0,0,0,0,0,0,0,0,0,0,0,0,0,0,0,0,0,0,0,0,0,0,0,0,0,0,0,0,0,0,0,0,0,0,0,0,0,0
148,Tottering,0,0,0,0,None,2,0,0,-1,145,25,0,4,5,0,0,,0,0,0,0,0,0,-5,0,0,0,0,0,0,0,0,0,0,0,0,0,0,0,0,0,0,0,0,0,0,0,0,0,0,0,0,0,0,0,0,0,0,0,0,0,0,-10,0,0,0,0,0,0,-10,0,0,0,0,0,0,0,0,0,0,0,0,0,0,0,0,0,0,0,0,0,0,0,0,0,0,0,0,0,0,0,0,0,0,0,0,0,0,0,0,0,0
149,Teetering,0,0,0,0,None,2,2,0,-2,145,5,0,4,0,0,0,,0,0,0,0,0,0,-10,0,0,0,0,0,0,0,0,0,0,0,0,0,0,0,0,0,0,0,0,0,0,0,0,0,0,0,0,0,0,0,0,0,0,0,0,0,0,-20,0,0,0,0,0,0,-20,0,0,0,0,0,0,0,0,0,0,0,0,0,0,0,0,0,0,0,0,0,0,0,0,0,0,0,0,0,0,0,0,0,0,0,0,0,0,0,0,0,0
150,Slow as a Snail,0,0,0,0,None,2|2,2,0,-3,145,1,0,4,0,0,0,,0,0,0,0,0,0,-15,0,0,0,0,0,0,0,0,0,0,0,0,0,0,0,0,0,0,0,0,0,0,0,0,0,0,0,0,0,0,0,0,0,0,0,0,0,0,-30,0,0,0,0,0,0,-30,0,0,0,0,0,0,0,0,0,0,0,0,0,0,0,0,0,0,0,0,0,0,0,0,0,0,0,0,0,0,0,0,0,0,0,0,0,0,0,0,0,0
151,Distinctive Constitution,0,0,0,0,None,0,1,0,1,151,25,0,3,15,0,0,,0,0,0,0,0,5,0,0,0,0,0,0,0,0,0,0,0,0,0,0,0,0,0,0,0,0,0,0,0,0,0,0,0,0,0,0,0,0,0,0,0,0,0,0,0,0,0,0,0,0,0,0,0,0,0,0,0,0,15,100,100,100,100,100,100,0,0,0,0,0,0,0,0,0,0,0,0,0,0,0,0,0,0,0,0,0,0,0,0,0,0,0,0,0,0
152,Jade Bone and Clear Heart,0,0,0,0,None,0,1|1,0,2,151,5,0,3,10,0,0,,0,0,0,0,0,10,0,0,0,0,0,0,0,0,0,0,0,0,0,0,0,0,0,0,0,0,0,0,0,0,0,0,0,0,0,0,0,0,0,0,0,0,0,0,0,0,0,0,0,0,0,0,0,0,0,0,0,0,25,200,200,200,200,200,200,0,0,0,0,0,0,0,0,0,0,0,0,0,0,0,0,0,0,0,0,0,0,0,0,0,0,0,0,0,0
153,Immune to Toxins,0,0,0,0,None,0,1|1|1,0,3,151,1,0,3,0,0,0,,0,0,0,0,0,15,0,0,0,0,0,0,0,0,0,0,0,0,0,0,0,0,0,0,0,0,0,0,0,0,0,0,0,0,0,0,0,0,0,0,0,0,0,0,0,0,0,0,0,0,0,0,0,0,0,0,0,0,35,300,300,300,300,300,300,0,0,0,0,0,0,0,0,0,0,0,0,0,0,0,0,0,0,0,0,0,0,0,0,0,0,0,0,0,0
154,Invaded by Evil Qi,0,0,0,0,None,0,2,0,-1,151,25,0,4,5,0,0,,0,0,0,0,0,-5,0,0,0,0,0,0,0,0,0,0,0,0,0,0,0,0,0,0,0,0,0,0,0,0,0,0,0,0,0,0,0,0,0,0,0,0,0,0,0,0,0,0,0,0,0,0,0,0,0,0,0,0,-15,-100,-100,-100,-100,-100,-100,0,0,0,0,0,0,0,0,0,0,0,0,0,0,0,0,0,0,0,0,0,0,0,0,0,0,0,0,0,0
155,Chaos of Qi and Blood,0,0,0,0,None,0,2|2,0,-2,151,5,0,4,0,0,0,,0,0,0,0,0,-10,0,0,0,0,0,0,0,0,0,0,0,0,0,0,0,0,0,0,0,0,0,0,0,0,0,0,0,0,0,0,0,0,0,0,0,0,0,0,0,0,0,0,0,0,0,0,0,0,0,0,0,0,-25,-200,-200,-200,-200,-200,-200,0,0,0,0,0,0,0,0,0,0,0,0,0,0,0,0,0,0,0,0,0,0,0,0,0,0,0,0,0,0
156,Congenital Diseases,0,0,0,0,None,0,2|2|2,0,-3,151,1,0,4,0,0,0,,0,0,0,0,0,-15,0,0,0,0,0,0,0,0,0,0,0,0,0,0,0,0,0,0,0,0,0,0,0,0,0,0,0,0,0,0,0,0,0,0,0,0,0,0,0,0,0,0,0,0,0,0,0,0,0,0,0,0,-35,-300,-300,-300,-300,-300,-300,0,0,0,0,0,0,0,0,0,0,0,0,0,0,0,0,0,0,0,0,0,0,0,0,0,0,0,0,0,0
157,Long-limbed,0,0,0,0,None,1,0,0,1,157,25,0,3,15,0,0,,0,0,0,0,0,0,0,0,0,0,0,0,0,0,0,0,0,0,0,0,0,0,0,0,0,0,0,0,0,0,0,0,0,0,0,0,0,0,0,0,0,0,0,0,0,0,0,0,0,10,10,10,0,0,0,0,0,0,0,0,0,0,0,0,0,0,0,0,0,0,0,0,0,0,0,0,0,0,0,0,0,0,0,0,0,0,0,0,0,0,0,0,0,0,0
158,Very Long-limbed,0,0,0,0,None,1|1,0,0,2,157,5,0,3,10,0,0,,0,0,0,0,0,0,0,0,0,0,0,0,0,0,0,0,0,0,0,0,0,0,0,0,0,0,0,0,0,0,0,0,0,0,0,0,0,0,0,0,0,0,0,0,0,0,0,0,0,20,20,20,0,0,0,0,0,0,0,0,0,0,0,0,0,0,0,0,0,0,0,0,0,0,0,0,0,0,0,0,0,0,0,0,0,0,0,0,0,0,0,0,0,0,0
159,Extremely Long-limbed,0,0,0,0,None,1|1|1,0,0,3,157,1,0,3,0,0,0,,0,0,0,0,0,0,0,0,0,0,0,0,0,0,0,0,0,0,0,0,0,0,0,0,0,0,0,0,0,0,0,0,0,0,0,0,0,0,0,0,0,0,0,0,0,0,0,0,0,30,30,30,0,0,0,0,0,0,0,0,0,0,0,0,0,0,0,0,0,0,0,0,0,0,0,0,0,0,0,0,0,0,0,0,0,0,0,0,0,0,0,0,0,0,0
160,Top-heavy,0,0,0,0,None,2,0,0,-1,157,25,0,4,5,0,0,,0,0,0,0,0,0,0,0,0,0,0,0,0,0,0,0,0,0,0,0,0,0,0,0,0,0,0,0,0,0,0,0,0,0,0,0,0,0,0,0,0,0,0,0,0,0,0,0,0,-10,-10,-10,0,0,0,0,0,0,0,0,0,0,0,0,0,0,0,0,0,0,0,0,0,0,0,0,0,0,0,0,0,0,0,0,0,0,0,0,0,0,0,0,0,0,0
161,Odd-looking,0,0,0,0,None,2|2,0,0,-2,157,5,0,4,0,0,0,,0,0,0,0,0,0,0,0,0,0,0,0,0,0,0,0,0,0,0,0,0,0,0,0,0,0,0,0,0,0,0,0,0,0,0,0,0,0,0,0,0,0,0,0,0,0,0,0,0,-20,-20,-20,0,0,0,0,0,0,0,0,0,0,0,0,0,0,0,0,0,0,0,0,0,0,0,0,0,0,0,0,0,0,0,0,0,0,0,0,0,0,0,0,0,0,0
162,Deformed,0,0,0,0,None,2|2|2,0,0,-3,157,1,0,4,0,0,0,,0,0,0,0,0,0,0,0,0,0,0,0,0,0,0,0,0,0,0,0,0,0,0,0,0,0,0,0,0,0,0,0,0,0,0,0,0,0,0,0,0,0,0,0,0,0,0,0,0,-30,-30,-30,0,0,0,0,0,0,0,0,0,0,0,0,0,0,0,0,0,0,0,0,0,0,0,0,0,0,0,0,0,0,0,0,0,0,0,0,0,0,0,0,0,0,0
163,Faithful,0,0,0,0,None,0,1,0,1,163,25,0,3,15,0,0,,0,0,0,0,0,0,5,0,0,0,0,0,0,0,0,0,1,1000,0,0,0,0,0,0,0,0,0,0,0,0,0,0,0,0,0,0,0,0,0,0,0,0,0,0,0,0,0,0,0,0,0,0,0,0,0,0,0,0,0,0,0,0,0,0,0,0,0,0,0,0,0,0,0,0,0,0,0,0,0,0,0,0,0,0,0,0,0,0,0,0,0,0,0,0,0
164,Extremely Faithful,0,0,0,0,None,0,1|1,0,2,163,5,0,3,10,0,0,,0,0,0,0,0,0,10,0,0,0,0,0,0,0,0,0,2,2000,0,0,0,0,0,0,0,0,0,0,0,0,0,0,0,0,0,0,0,0,0,0,0,0,0,0,0,0,0,0,0,0,0,0,0,0,0,0,0,0,0,0,0,0,0,0,0,0,0,0,0,0,0,0,0,0,0,0,0,0,0,0,0,0,0,0,0,0,0,0,0,0,0,0,0,0,0
165,Completely Faithful,0,0,0,0,None,0,1|1|1,0,3,163,1,0,3,0,0,0,,0,0,0,0,0,0,15,0,0,0,0,0,0,0,0,0,3,3000,0,0,0,0,0,0,0,0,0,0,0,0,0,0,0,0,0,0,0,0,0,0,0,0,0,0,0,0,0,0,0,0,0,0,0,0,0,0,0,0,0,0,0,0,0,0,0,0,0,0,0,0,0,0,0,0,0,0,0,0,0,0,0,0,0,0,0,0,0,0,0,0,0,0,0,0,0
166,Faithless,0,0,0,0,None,0,2,0,-1,163,25,0,4,5,0,0,,0,0,0,0,0,0,-5,0,0,0,0,0,0,0,0,0,-1,-1000,0,0,0,0,0,0,0,0,0,0,0,0,0,0,0,0,0,0,0,0,0,0,0,0,0,0,0,0,0,0,0,0,0,0,0,0,0,0,0,0,0,0,0,0,0,0,0,0,0,0,0,0,0,0,0,0,0,0,0,0,0,0,0,0,0,0,0,0,0,0,0,0,0,0,0,0,0
167,Extremely Faithless,0,0,0,0,None,0,2|2,0,-2,163,5,0,4,0,0,0,,0,0,0,0,0,0,-10,0,0,0,0,0,0,0,0,0,-2,-2000,0,0,0,0,0,0,0,0,0,0,0,0,0,0,0,0,0,0,0,0,0,0,0,0,0,0,0,0,0,0,0,0,0,0,0,0,0,0,0,0,0,0,0,0,0,0,0,0,0,0,0,0,0,0,0,0,0,0,0,0,0,0,0,0,0,0,0,0,0,0,0,0,0,0,0,0,0
168,Completely Faithless,0,0,0,0,None,0,2|2|2,0,-3,163,1,0,4,0,0,0,,0,0,0,0,0,0,-15,0,0,0,0,0,0,0,0,0,-3,-3000,0,0,0,0,0,0,0,0,0,0,0,0,0,0,0,0,0,0,0,0,0,0,0,0,0,0,0,0,0,0,0,0,0,0,0,0,0,0,0,0,0,0,0,0,0,0,0,0,0,0,0,0,0,0,0,0,0,0,0,0,0,0,0,0,0,0,0,0,0,0,0,0,0,0,0,0,0
1001,Eunuch,0,0,0,0,None,2,-3,1,0,1001,1,1,0,0,0,0,,0,0,30,0,0,-30,0,0,0,0,0,0,0,0,0,-1000,0,0,-150,0,0,0,0,0,0,0,0,0,0,0,0,0,0,0,0,0,0,0,0,0,0,0,0,0,0,0,0,0,0,0,0,0,0,0,0,0,0,0,0,0,0,0,0,0,0,0,0,0,0,0,0,0,0,0,0,0,0,0,0,0,0,0,0,0,0,0,0,0,0,0,0,0,0,0,0
1002,Infertile,0,0,0,0,None,1,2,-3,0,1001,1,2,0,0,0,0,,0,0,0,0,-30,0,0,30,0,0,0,0,0,0,0,-1000,0,0,0,0,0,0,0,0,0,0,0,0,0,0,0,0,0,0,0,0,0,0,0,0,0,0,0,0,0,0,0,0,0,0,0,0,0,0,0,0,0,0,0,0,0,0,0,0,0,0,0,0,0,0,0,0,0,0,0,0,0,0,0,0,0,0,0,0,0,0,0,0,0,0,0,0,0,0,0
1003,Chaos of Yin and Yang,0,0,0,0,None,-3,1,2,0,1001,1,0,0,0,0,0,,0,0,0,30,0,0,-30,0,0,0,0,0,0,0,0,-50,0,0,150,0,0,0,0,0,0,0,0,0,0,0,0,0,0,0,0,0,0,0,0,0,0,0,0,0,0,0,0,0,0,0,0,0,0,0,0,0,0,0,0,0,0,0,0,0,0,0,0,0,0,0,0,0,0,0,0,0,0,0,0,0,0,0,0,0,0,0,0,0,0,0,0,0,0,0,0
2001,Writing brush,0,0,0,0,This character was easily attracted by calligraphy in infancy and grabed a writing brush at Zhuazhou. \nZhuazhou：Under the Chinese tradition，a tray of different items is put in front of the baby upon becoming 1 year old，it was believed to give some indications of the baby’s future,0,0,3|3,0,2001,1,0,2,0,0,0,,0,0,10,15,0,0,0,0,0,0,0,0,0,0,0,0,0,0,0,0,0,0,0,0,0,0,0,0,0,0,0,0,0,0,0,0,0,0,0,0,0,0,0,0,0,0,0,0,0,0,0,0,0,0,0,0,0,0,0,0,0,0,0,0,0,0,0,12,12,0,0,0,0,0,0,0,0,0,0,0,0,0,0,0,0,0,0,0,0,0,0,0,0,0,0
2002,Doll,0,0,0,0,This character was keen on playing with toys in infancy and grabed a doll at Zhuazhou. \nZhuazhou：Under the Chinese tradition，a tray of different items is put in front of the baby upon becoming 1 year old，it was believed to give some indications of the baby’s future,3,0,3,0,2001,1,0,2,0,0,0,,0,0,0,0,0,15,10,0,0,0,0,0,0,0,0,0,0,0,0,0,0,0,0,0,0,0,0,0,0,0,0,0,0,0,0,0,0,0,0,0,0,0,0,0,0,0,0,0,0,0,0,0,0,0,0,0,0,0,0,0,0,0,0,0,0,0,0,0,0,0,0,0,0,0,0,0,0,0,0,0,0,6,6,6,6,6,6,6,6,6,6,6,6,6,0
2003,Plane,0,0,0,0,This character often stared at furnitures and houses in infancy and grabed a plane at Zhuazhou. \nZhuazhou：Under the Chinese tradition，a tray of different items is put in front of the baby upon becoming 1 year old，it was believed to give some indications of the baby’s future,3|3,0,0,0,2001,1,0,2,0,0,0,,0,0,0,0,0,10,15,0,0,0,0,0,0,0,0,0,0,0,0,0,0,0,0,0,0,0,0,0,0,0,0,0,0,0,0,0,0,0,0,0,0,0,0,0,0,0,0,0,0,0,0,0,0,0,0,0,0,0,0,0,0,0,0,0,0,0,0,0,0,0,0,8,8,0,0,8,8,0,0,0,0,0,0,0,0,0,0,0,0,0,0,0,0,0,0
2004,Jade flute,0,0,0,0,This character was interested in music in infancy and grabed a jade flute at Zhuazhou. \nZhuazhou：Under the Chinese tradition，a tray of different items is put in front of the baby upon becoming 1 year old，it was believed to give some indications of the baby’s future,3,3,0,0,2001,1,0,2,0,0,0,,0,0,0,15,0,0,0,10,0,0,0,0,0,0,0,0,0,0,0,0,0,0,0,0,0,0,0,0,0,0,0,0,0,0,0,0,0,0,0,0,0,0,0,0,0,0,0,0,0,0,0,0,0,0,0,0,0,0,0,0,0,0,0,0,0,10,10,0,0,0,0,0,0,0,0,0,0,0,0,0,0,0,0,0,0,0,0,0,0,0,0,0,0,0,10
2005,Herb,0,0,0,0,This character was keen on playing with flowers in infancy and grabed a herb at Zhuazhou. \nZhuazhou：Under the Chinese tradition，a tray of different items is put in front of the baby upon becoming 1 year old，it was believed to give some indications of the baby’s future,3,3,0,0,2001,1,0,2,0,0,0,,0,0,10,0,0,0,0,15,0,0,0,0,0,0,0,0,0,0,0,0,0,0,0,0,0,0,0,0,0,0,0,0,0,0,0,0,0,0,0,0,0,0,0,0,0,0,0,0,0,0,0,0,0,0,0,0,0,0,0,0,0,0,0,0,0,0,0,0,0,0,0,0,0,12,12,0,0,0,0,0,0,0,0,0,0,0,0,0,0,0,0,0,0,0,0
2006,Whisk,0,0,0,0,This character often stared at the sky in infancy and grabed a whisk at Zhuazhou. \nZhuazhou：Under the Chinese tradition，a tray of different items is put in front of the baby upon becoming 1 year old，it was believed to give some indications of the baby’s future,0,3,3,0,2001,1,0,2,0,0,0,,0,0,0,0,15,0,10,0,0,0,0,0,0,0,0,0,0,0,0,0,0,0,0,0,0,0,0,0,0,0,0,0,0,0,0,0,0,0,0,0,0,0,0,0,0,0,0,0,0,0,0,0,0,0,0,0,0,0,0,0,0,0,0,0,0,0,0,0,0,12,0,0,0,0,0,0,0,12,0,0,0,0,0,0,0,0,0,0,0,0,0,0,0,0,0
2007,Dice,0,0,0,0,This character often cried for elders' attention in infancy and grabed a dice at Zhuazhou. \nZhuazhou：Under the Chinese tradition，a tray of different items is put in front of the baby upon becoming 1 year old，it was believed to give some indications of the baby’s future,0,0,3|3,0,2001,1,0,2,0,0,0,,0,0,0,10,15,0,0,0,0,0,0,0,0,0,0,0,0,0,0,0,0,0,0,0,0,0,0,0,0,0,0,0,0,0,0,0,0,0,0,0,0,0,0,0,0,0,0,0,0,0,0,0,0,0,0,0,0,0,0,0,0,0,0,0,0,0,0,0,0,0,0,0,0,0,0,0,0,0,0,12,12,0,0,0,0,0,0,0,0,0,0,0,0,0,0
2008,Jade Pendant,0,0,0,0,This character showed a good taste in infancy and grabed a jade pendant at Zhuazhou. \nZhuazhou：Under the Chinese tradition，a tray of different items is put in front of the baby upon becoming 1 year old，it was believed to give some indications of the baby’s future,0,3,3,0,2001,1,0,2,0,0,0,,0,0,15,0,0,0,0,10,0,0,0,0,0,0,0,0,0,0,0,0,0,0,0,0,0,0,0,0,0,0,0,0,0,0,0,0,0,0,0,0,0,0,0,0,0,0,0,0,0,0,0,0,0,0,0,0,0,0,0,0,0,0,0,0,0,0,0,0,0,0,18,0,0,0,0,0,0,0,0,0,0,0,0,0,0,0,0,0,0,0,0,0,0,0,0
2009,Soil,0,0,0,0,This character often rolled on the ground in infancy and grabed a lump of soil at Zhuazhou. \nZhuazhou：Under the Chinese tradition，a tray of different items is put in front of the baby upon becoming 1 year old，it was believed to give some indications of the baby’s future,0,3|3,0,0,2001,1,0,2,0,0,0,,0,0,0,0,10,0,15,0,20,0,0,0,0,0,0,0,0,0,0,0,0,0,0,0,0,0,0,0,0,0,0,0,0,0,0,0,0,0,0,0,0,0,0,0,0,0,0,0,0,0,0,0,0,0,0,0,0,25,0,150,150,150,150,150,150,0,0,0,0,0,0,0,0,0,0,0,0,0,0,0,0,0,0,0,0,0,0,0,0,0,0,0,0,0,0
2010,Knife,0,0,0,0,This character was keen on breaking things in infancy and grabed a knife at Zhuazhou. \nZhuazhou：Under the Chinese tradition，a tray of different items is put in front of the baby upon becoming 1 year old，it was believed to give some indications of the baby’s future,3|3,0,0,0,2001,1,0,2,0,0,0,,0,0,0,0,10,15,0,0,0,0,0,0,0,0,0,0,0,0,-100,0,0,0,0,0,0,0,0,0,0,0,0,0,0,0,0,0,0,0,0,0,15,15,0,0,0,0,0,0,0,0,0,0,0,0,100,100,0,0,0,0,0,0,0,0,0,0,0,0,0,0,0,0,0,0,0,0,0,0,0,0,0,0,0,0,0,0,0,0,0,0,0,0,0,0,0
2011,Beads,0,0,0,0,This character often smiled with a thoughtful look in infancy and grabed a string of beads at Zhuazhou. \nZhuazhou：Under the Chinese tradition，a tray of different items is put in front of the baby upon becoming 1 year old，it was believed to give some indications of the baby’s future,0,3|3,0,0,2001,1,0,2,0,0,0,,0,0,0,0,0,10,0,15,0,0,0,0,0,0,0,-25,0,0,0,0,0,0,0,0,0,0,0,0,0,0,0,0,0,0,0,0,0,0,0,0,0,0,0,0,0,0,0,0,0,0,0,0,0,0,0,0,0,0,0,0,0,0,0,0,0,0,0,0,0,0,0,0,0,0,0,0,0,0,18,0,0,0,0,0,0,0,0,0,0,0,0,0,0,0,0
2012,Rouge,0,0,0,0,This character was fond of gorgeous stuffs in infancy and grabed a box of rouge at Zhuazhou. \nZhuazhou：Under the Chinese tradition，a tray of different items is put in front of the baby upon becoming 1 year old，it was believed to give some indications of the baby’s future,3,0,3,0,2001,1,0,2,0,0,0,,0,0,15,10,0,0,0,0,0,0,0,0,0,0,0,0,0,0,100,0,0,0,0,0,0,0,0,0,0,0,0,0,0,0,0,0,0,0,0,0,0,0,0,0,0,0,0,0,0,0,0,0,0,0,0,0,0,0,0,0,0,0,0,0,0,8,8,8,8,0,0,0,0,0,0,0,0,0,0,0,0,0,0,0,0,0,0,0,0,0,0,0,0,0,0
3024,Lesser Cold,0,0,0,0,None,3,3|3,0,0,3024,0,0,0,0,0,0,,0,0,20,-10,0,0,5,0,0,0,10,0,5,0,0,0,0,0,0,0,0,0,0,0,0,0,0,0,0,0,0,0,0,0,0,0,0,0,0,0,0,0,0,0,0,0,0,0,0,0,0,0,0,0,0,0,0,0,0,0,0,0,0,0,0,0,0,0,0,0,0,0,0,0,0,0,0,0,0,0,0,0,0,0,0,0,0,0,0,0,0,0,0,0,0
3023,Greater Cold,0,0,0,0,None,3,3|3,0,0,3024,0,0,0,0,0,0,,0,0,5,-10,0,0,20,0,0,0,5,0,10,0,0,0,0,0,0,0,0,0,0,0,0,0,0,0,0,0,0,0,0,0,0,0,0,0,0,0,0,0,0,0,0,0,0,0,0,0,0,0,0,0,0,0,0,0,0,0,0,0,0,0,0,0,0,0,0,0,0,0,0,0,0,0,0,0,0,0,0,0,0,0,0,0,0,0,0,0,0,0,0,0,0
3022,Begins of Spring,0,0,0,0,None,0,3,3|3,0,3024,0,0,0,0,0,0,,0,0,0,20,0,-10,0,5,0,0,0,0,0,10,5,0,0,0,0,0,0,0,0,0,0,0,0,0,0,0,0,0,0,0,0,0,0,0,0,0,0,0,0,0,0,0,0,0,0,0,0,0,0,0,0,0,0,0,0,0,0,0,0,0,0,0,0,0,0,0,0,0,0,0,0,0,0,0,0,0,0,0,0,0,0,0,0,0,0,0,0,0,0,0,0
3021,Rain Water,0,0,0,0,None,0,3,3|3,0,3024,0,0,0,0,0,0,,0,0,0,5,0,-10,0,20,0,0,0,0,0,5,10,0,0,0,0,0,0,0,0,0,0,0,0,0,0,0,0,0,0,0,0,0,0,0,0,0,0,0,0,0,0,0,0,0,0,0,0,0,0,0,0,0,0,0,0,0,0,0,0,0,0,0,0,0,0,0,0,0,0,0,0,0,0,0,0,0,0,0,0,0,0,0,0,0,0,0,0,0,0,0,0
3020,Insects Awakening,0,0,0,0,None,3|3,0,3,0,3024,0,0,0,0,0,0,,0,0,0,0,5,20,0,-10,0,10,0,0,0,5,0,0,0,0,0,0,0,0,0,0,0,0,0,0,0,0,0,0,0,0,0,0,0,0,0,0,0,0,0,0,0,0,0,0,0,0,0,0,0,0,0,0,0,0,0,0,0,0,0,0,0,0,0,0,0,0,0,0,0,0,0,0,0,0,0,0,0,0,0,0,0,0,0,0,0,0,0,0,0,0,0
3019,Spring Equinox,0,0,0,0,None,3|3,0,3,0,3024,0,0,0,0,0,0,,0,0,0,0,20,5,0,-10,0,5,0,0,0,10,0,0,0,0,0,0,0,0,0,0,0,0,0,0,0,0,0,0,0,0,0,0,0,0,0,0,0,0,0,0,0,0,0,0,0,0,0,0,0,0,0,0,0,0,0,0,0,0,0,0,0,0,0,0,0,0,0,0,0,0,0,0,0,0,0,0,0,0,0,0,0,0,0,0,0,0,0,0,0,0,0
3018,Fresh Green,0,0,0,0,None,3,3,3,0,3024,0,0,0,0,0,0,,0,0,0,0,20,0,-10,5,0,0,0,0,10,0,5,0,0,0,0,0,0,0,0,0,0,0,0,0,0,0,0,0,0,0,0,0,0,0,0,0,0,0,0,0,0,0,0,0,0,0,0,0,0,0,0,0,0,0,0,0,0,0,0,0,0,0,0,0,0,0,0,0,0,0,0,0,0,0,0,0,0,0,0,0,0,0,0,0,0,0,0,0,0,0,0
3017,Grain Rain,0,0,0,0,None,3,3,3,0,3024,0,0,0,0,0,0,,0,0,0,0,5,0,-10,20,0,0,0,0,5,0,10,0,0,0,0,0,0,0,0,0,0,0,0,0,0,0,0,0,0,0,0,0,0,0,0,0,0,0,0,0,0,0,0,0,0,0,0,0,0,0,0,0,0,0,0,0,0,0,0,0,0,0,0,0,0,0,0,0,0,0,0,0,0,0,0,0,0,0,0,0,0,0,0,0,0,0,0,0,0,0,0
3016,Begins of Summer,0,0,0,0,None,3|3|3,0,0,0,3024,0,0,0,0,0,0,,0,0,0,0,0,20,5,-10,0,10,0,5,0,0,0,0,0,0,0,0,0,0,0,0,0,0,0,0,0,0,0,0,0,0,0,0,0,0,0,0,0,0,0,0,0,0,0,0,0,0,0,0,0,0,0,0,0,0,0,0,0,0,0,0,0,0,0,0,0,0,0,0,0,0,0,0,0,0,0,0,0,0,0,0,0,0,0,0,0,0,0,0,0,0,0
3015,Lesser Fullness,0,0,0,0,None,3|3|3,0,0,0,3024,0,0,0,0,0,0,,0,0,0,0,0,5,20,-10,0,5,0,10,0,0,0,0,0,0,0,0,0,0,0,0,0,0,0,0,0,0,0,0,0,0,0,0,0,0,0,0,0,0,0,0,0,0,0,0,0,0,0,0,0,0,0,0,0,0,0,0,0,0,0,0,0,0,0,0,0,0,0,0,0,0,0,0,0,0,0,0,0,0,0,0,0,0,0,0,0,0,0,0,0,0,0
3014,Grain in Ear,0,0,0,0,None,3,3,3,0,3024,0,0,0,0,0,0,,0,0,-10,20,0,5,0,0,0,0,10,5,0,0,0,0,0,0,0,0,0,0,0,0,0,0,0,0,0,0,0,0,0,0,0,0,0,0,0,0,0,0,0,0,0,0,0,0,0,0,0,0,0,0,0,0,0,0,0,0,0,0,0,0,0,0,0,0,0,0,0,0,0,0,0,0,0,0,0,0,0,0,0,0,0,0,0,0,0,0,0,0,0,0,0
3013,Summer Solstice,0,0,0,0,None,3,3,3,0,3024,0,0,0,0,0,0,,0,0,-10,5,0,20,0,0,0,0,5,10,0,0,0,0,0,0,0,0,0,0,0,0,0,0,0,0,0,0,0,0,0,0,0,0,0,0,0,0,0,0,0,0,0,0,0,0,0,0,0,0,0,0,0,0,0,0,0,0,0,0,0,0,0,0,0,0,0,0,0,0,0,0,0,0,0,0,0,0,0,0,0,0,0,0,0,0,0,0,0,0,0,0,0
3012,Lesser Heat,0,0,0,0,None,0,3|3|3,0,0,3024,0,0,0,0,0,0,,0,0,20,-10,0,0,0,5,0,0,10,0,0,0,5,0,0,0,0,0,0,0,0,0,0,0,0,0,0,0,0,0,0,0,0,0,0,0,0,0,0,0,0,0,0,0,0,0,0,0,0,0,0,0,0,0,0,0,0,0,0,0,0,0,0,0,0,0,0,0,0,0,0,0,0,0,0,0,0,0,0,0,0,0,0,0,0,0,0,0,0,0,0,0,0
3011,Greater Heat,0,0,0,0,None,0,3|3|3,0,0,3024,0,0,0,0,0,0,,0,0,5,-10,0,0,0,20,0,0,5,0,0,0,10,0,0,0,0,0,0,0,0,0,0,0,0,0,0,0,0,0,0,0,0,0,0,0,0,0,0,0,0,0,0,0,0,0,0,0,0,0,0,0,0,0,0,0,0,0,0,0,0,0,0,0,0,0,0,0,0,0,0,0,0,0,0,0,0,0,0,0,0,0,0,0,0,0,0,0,0,0,0,0,0
3010,Begins of Autumn,0,0,0,0,None,3,0,3|3,0,3024,0,0,0,0,0,0,,0,0,0,20,-10,0,5,0,0,0,0,0,10,5,0,0,0,0,0,0,0,0,0,0,0,0,0,0,0,0,0,0,0,0,0,0,0,0,0,0,0,0,0,0,0,0,0,0,0,0,0,0,0,0,0,0,0,0,0,0,0,0,0,0,0,0,0,0,0,0,0,0,0,0,0,0,0,0,0,0,0,0,0,0,0,0,0,0,0,0,0,0,0,0,0
3009,End of Heat,0,0,0,0,None,3,0,3|3,0,3024,0,0,0,0,0,0,,0,0,0,5,-10,0,20,0,0,0,0,0,5,10,0,0,0,0,0,0,0,0,0,0,0,0,0,0,0,0,0,0,0,0,0,0,0,0,0,0,0,0,0,0,0,0,0,0,0,0,0,0,0,0,0,0,0,0,0,0,0,0,0,0,0,0,0,0,0,0,0,0,0,0,0,0,0,0,0,0,0,0,0,0,0,0,0,0,0,0,0,0,0,0,0
3008,White Dew,0,0,0,0,None,3,3,3,0,3024,0,0,0,0,0,0,,0,0,-10,0,0,20,0,5,0,10,5,0,0,0,0,0,0,0,0,0,0,0,0,0,0,0,0,0,0,0,0,0,0,0,0,0,0,0,0,0,0,0,0,0,0,0,0,0,0,0,0,0,0,0,0,0,0,0,0,0,0,0,0,0,0,0,0,0,0,0,0,0,0,0,0,0,0,0,0,0,0,0,0,0,0,0,0,0,0,0,0,0,0,0,0
3007,Autumnal Equinox,0,0,0,0,None,3,3,3,0,3024,0,0,0,0,0,0,,0,0,-10,0,0,5,0,20,0,5,10,0,0,0,0,0,0,0,0,0,0,0,0,0,0,0,0,0,0,0,0,0,0,0,0,0,0,0,0,0,0,0,0,0,0,0,0,0,0,0,0,0,0,0,0,0,0,0,0,0,0,0,0,0,0,0,0,0,0,0,0,0,0,0,0,0,0,0,0,0,0,0,0,0,0,0,0,0,0,0,0,0,0,0,0
3006,Cold Dew,0,0,0,0,None,3|3,3,0,0,3024,0,0,0,0,0,0,,0,0,20,0,5,0,-10,0,0,10,0,0,0,0,5,0,0,0,0,0,0,0,0,0,0,0,0,0,0,0,0,0,0,0,0,0,0,0,0,0,0,0,0,0,0,0,0,0,0,0,0,0,0,0,0,0,0,0,0,0,0,0,0,0,0,0,0,0,0,0,0,0,0,0,0,0,0,0,0,0,0,0,0,0,0,0,0,0,0,0,0,0,0,0,0
3005,First Frost,0,0,0,0,None,3|3,3,0,0,3024,0,0,0,0,0,0,,0,0,5,0,20,0,-10,0,0,5,0,0,0,0,10,0,0,0,0,0,0,0,0,0,0,0,0,0,0,0,0,0,0,0,0,0,0,0,0,0,0,0,0,0,0,0,0,0,0,0,0,0,0,0,0,0,0,0,0,0,0,0,0,0,0,0,0,0,0,0,0,0,0,0,0,0,0,0,0,0,0,0,0,0,0,0,0,0,0,0,0,0,0,0,0
3004,Begins of Winter,0,0,0,0,None,0,3|3,3,0,3024,0,0,0,0,0,0,,0,0,0,0,20,-10,5,0,0,0,0,10,5,0,0,0,0,0,0,0,0,0,0,0,0,0,0,0,0,0,0,0,0,0,0,0,0,0,0,0,0,0,0,0,0,0,0,0,0,0,0,0,0,0,0,0,0,0,0,0,0,0,0,0,0,0,0,0,0,0,0,0,0,0,0,0,0,0,0,0,0,0,0,0,0,0,0,0,0,0,0,0,0,0,0
3003,Light Snow,0,0,0,0,None,0,3|3,3,0,3024,0,0,0,0,0,0,,0,0,0,0,5,-10,20,0,0,0,0,5,10,0,0,0,0,0,0,0,0,0,0,0,0,0,0,0,0,0,0,0,0,0,0,0,0,0,0,0,0,0,0,0,0,0,0,0,0,0,0,0,0,0,0,0,0,0,0,0,0,0,0,0,0,0,0,0,0,0,0,0,0,0,0,0,0,0,0,0,0,0,0,0,0,0,0,0,0,0,0,0,0,0,0
3002,Heavy Snow,0,0,0,0,None,0,0,3|3|3,0,3024,0,0,0,0,0,0,,0,0,5,20,-10,0,0,0,0,0,0,10,0,5,0,0,0,0,0,0,0,0,0,0,0,0,0,0,0,0,0,0,0,0,0,0,0,0,0,0,0,0,0,0,0,0,0,0,0,0,0,0,0,0,0,0,0,0,0,0,0,0,0,0,0,0,0,0,0,0,0,0,0,0,0,0,0,0,0,0,0,0,0,0,0,0,0,0,0,0,0,0,0,0,0
3001,Winter Solstice,0,0,0,0,None,0,0,3|3|3,0,3024,0,0,0,0,0,0,,0,0,20,5,-10,0,0,0,0,0,0,5,0,10,0,0,0,0,0,0,0,0,0,0,0,0,0,0,0,0,0,0,0,0,0,0,0,0,0,0,0,0,0,0,0,0,0,0,0,0,0,0,0,0,0,0,0,0,0,0,0,0,0,0,0,0,0,0,0,0,0,0,0,0,0,0,0,0,0,0,0,0,0,0,0,0,0,0,0,0,0,0,0,0,0
4001,Pure YinYang,1,0,0,0,None,0,0,0,0,4001,0,0,0,0,0,0,,0,0,0,0,0,0,0,0,0,0,0,0,0,0,0,0,0,0,0,0,0,0,0,0,0,0,0,0,0,0,0,0,0,0,0,0,0,0,0,0,0,0,0,0,0,0,0,0,0,0,0,0,0,0,0,0,0,0,0,0,0,0,0,0,0,0,0,0,0,0,0,0,0,0,0,0,0,0,0,0,0,0,0,0,0,0,0,0,0,0,0,0,0,0,0
4002,Impure YinYang,1,0,0,0,None,0,0,0,0,4001,0,0,0,0,0,0,,0,0,0,0,0,0,0,0,0,0,0,0,0,0,0,0,0,0,0,0,0,0,0,0,0,0,0,0,0,0,0,0,0,0,0,0,0,0,0,0,0,0,0,0,0,0,0,0,0,0,0,0,0,0,0,0,0,0,0,0,0,0,0,0,0,0,0,0,0,0,0,0,0,0,0,0,0,0,0,0,0,0,0,0,0,0,0,0,0,0,0,0,0,0,0
4003,Pregnancy,0,0,0,0,This character is pregnant and defenceless. ,-3,-3,-3,0,4001,0,0,0,0,0,0,,0,0,0,0,0,0,0,0,0,0,0,0,0,0,0,0,0,0,0,0,0,0,0,0,0,0,0,0,0,0,0,-50,-50,-50,-50,-50,-50,0,0,0,0,0,0,0,0,0,0,0,0,0,0,0,0,0,0,0,0,0,0,0,0,0,0,0,0,0,0,0,0,0,0,0,0,0,0,0,0,0,0,0,0,0,0,0,0,0,0,0,0,0,0,0,0,0,0
4004,Forced to Serve,0,0,0,0,This character was forced to serve Taiwu. ,-3,-3,-3,0,4004,0,0,0,0,0,0,,0,0,0,0,0,0,0,0,0,0,0,0,0,0,0,0,0,-6000,0,0,0,0,0,0,0,0,0,0,0,0,0,0,0,0,0,0,0,0,0,0,0,0,0,0,0,0,0,0,0,0,0,0,0,0,0,0,0,0,0,0,0,0,0,0,0,0,0,0,0,0,0,0,0,0,0,0,0,0,0,0,0,0,0,0,0,0,0,0,0,0,0,0,0,0,0
4005,Loyal Servant,0,0,0,0,This character is a loyal servant bestowed by Fulong Altar. ,0,3|3|3,0,0,4004,0,0,0,0,0,0,,0,0,0,0,0,0,0,0,0,0,0,0,0,0,0,0,0,6000,0,0,0,0,0,0,0,0,0,0,0,0,0,0,0,0,0,0,0,0,0,0,0,0,0,0,0,0,0,0,0,0,0,0,0,0,0,0,0,0,0,0,0,0,0,0,0,0,0,0,0,0,0,0,0,0,0,0,0,0,0,0,0,0,0,0,0,0,0,0,0,0,0,0,0,0,0
4006,Scripture blessing,0,0,0,0,Blessed people can immune natural disaster……,3,3,3,0,4006,0,0,0,0,100,0,,0,0,0,0,0,0,0,0,10,0,0,0,0,0,0,0,0,0,0,0,0,0,0,0,0,0,0,0,0,0,0,0,0,0,0,0,0,0,0,0,0,0,0,0,0,0,0,0,0,0,0,0,0,0,0,0,0,0,0,0,0,0,0,0,0,0,0,0,0,0,0,0,0,0,0,0,0,0,0,0,0,0,0,0,0,0,0,0,0,0,0,0,0,0,0
5001,Potential Radiance,0,0,0,0,Increase your Success Rate of breakthrough the bottleneck of Artistry，+20 points of Patience and Fortitude。,3,3,3,0,5001,0,0,0,0,100,0,,0,0,0,0,0,0,20,0,0,0,0,0,0,0,0,0,0,0,0,0,0,0,0,0,0,0,0,0,0,0,0,0,0,0,0,0,0,0,0,0,0,0,0,0,0,0,0,0,0,0,0,0,0,0,0,0,0,0,0,0,0,0,0,0,0,0,0,0,0,0,0,0,0,0,0,0,0,0,0,0,0,0,0,0,0,0,0,0,0,0,0,0,0,0,0
5002,Convergence Of Sharp Blade,0,0,0,0,Increase your Success Rate of breakthrough the bottleneck of Skills，+20 points of Patience and Fortitude。,3,3,3,0,5002,0,0,0,0,100,0,,0,0,0,0,0,0,20,0,0,0,0,0,0,0,0,0,0,0,0,0,0,0,0,0,0,0,0,0,0,0,0,0,0,0,0,0,0,0,0,0,0,0,0,0,0,0,0,0,0,0,0,0,0,0,0,0,0,0,0,0,0,0,0,0,0,0,0,0,0,0,0,0,0,0,0,0,0,0,0,0,0,0,0,0,0,0,0,0,0,0,0,0,0,0,0
5003,Narcissus In Dream,0,0,0,0,Narcissus In Dream，form is emptiness and emptiness is form，no matter what you look，everyone feels that you're the one they dreaming of。,3,3,3,0,5003,0,0,0,0,100,0,,0,0,0,0,0,0,0,0,0,0,0,0,0,0,0,0,0,0,600,0,0,0,0,0,0,0,0,0,0,0,0,0,0,0,0,0,0,0,0,0,0,0,0,0,0,0,0,0,0,0,0,0,0,0,0,0,0,0,0,0,0,0,0,0,0,0,0,0,0,0,0,0,0,0,0,0,0,0,0,0,0,0,0,0,0,0,0,0,0,0,0,0,0,0,0
6001,PC·Enthralled,0,0,0,0,Enthralled and shocked by Precious Classic……\nC_20008（Feel suspicious sometimes，hard to improve relationship……）C_D,2,0,2|2,0,6001,0,0,0,0,0,0,,0,0,0,0,0,0,0,0,0,0,0,0,0,0,0,0,0,0,0,0,0,0,0,0,0,0,0,0,0,0,0,0,0,0,0,0,0,25,25,25,0,0,0,0,0,0,0,0,0,0,25,0,25,0,300,300,0,0,0,0,0,0,0,0,0,0,0,0,0,0,0,0,0,0,0,0,0,0,0,0,0,0,0,0,0,0,0,0,0,0,0,0,0,0,0
6002,PC·Possessed,0,0,0,0,Mind collapse due to shocked by Precious Classic，easily loses mind and hurts people……\nC_20008（Always feel suspicious，hard to improve relationship……）C_D,2|2,0,2,0,6001,0,0,0,0,0,0,,0,0,0,0,0,0,0,0,0,0,0,0,0,0,0,0,0,0,0,0,0,0,0,0,0,0,0,0,0,0,0,0,0,0,0,0,0,75,75,75,0,0,0,0,0,0,0,0,0,0,75,0,75,0,600,600,0,0,0,0,0,0,0,0,0,0,0,0,0,0,0,0,0,0,0,0,0,0,0,0,0,0,0,0,0,0,0,0,0,0,0,0,0,0,0
7001,Bludgeon 300,0,0,0,0,Taken 300 hits from staff for breaking the disciplines of Shaolin，it is forbiddened to use qi to protect yourself during the punishment，as a result this person is severely injured，and could not recover for the rest of the life……,2,2,2,-3,7001,0,0,0,0,0,0,,-20,0,0,0,0,0,0,0,0,0,0,0,0,0,0,0,0,0,0,0,0,0,0,0,0,0,0,0,0,0,0,0,0,0,0,0,0,0,0,0,0,0,0,0,0,0,0,0,0,0,0,0,0,0,-600,-600,0,0,0,0,0,0,0,0,0,0,0,0,0,0,0,0,0,0,0,0,0,0,0,0,0,0,0,0,0,0,0,0,0,0,0,0,0,0,0
7008,Damaged Meridian,0,0,0,0,All Meridians were destroyed as Xuannyu punishment，although can skill live as normal，but could not balance flow of Qi for the rest of the life，gaining Qi instability……,2,2,2,-3,7002,0,0,0,0,0,0,,0,8000,0,0,0,0,0,0,0,0,0,0,0,0,0,0,0,0,0,0,0,0,0,0,0,0,0,0,0,0,0,0,0,0,0,0,0,0,0,0,0,0,0,0,0,0,0,0,-60,0,0,0,0,0,0,0,0,0,0,0,0,0,0,0,0,0,0,0,0,0,0,0,0,0,0,0,0,0,0,0,0,0,0,0,0,0,0,0,0,0,0,0,0,0,0
7011,Forced Infertility,0,0,0,0,The starting point of the middle Meridian —— has been severely injured，and becomes infertile，it comes from the dreadful punishment of Vajrayana ……,2,2,2,-3,7003,0,0,0,0,0,0,,-20,0,0,0,0,0,0,0,0,0,0,0,0,0,0,-1000,0,0,0,0,0,0,0,0,0,0,0,0,0,0,0,0,0,0,0,0,0,0,0,0,0,0,0,0,0,0,0,0,0,0,0,0,0,0,0,0,0,0,0,0,0,0,0,0,0,0,0,0,0,0,0,0,0,0,0,0,0,0,0,0,0,0,0,0,0,0,0,0,0,0,0,0,0,0,0
7012,Spinal cord Poisoned,0,0,0,0,A Gu was inserted into the marrow of backbone，it activates whenever the host is poisoned，enlarging the toxins，the Gu could not be removed for the rest of the life，this is the heaviest punishment from 5 Immortals ……,2,2,2,-3,7004,0,0,0,0,0,0,,0,0,0,0,0,0,0,0,0,0,0,0,0,0,0,0,0,0,0,0,0,0,0,0,0,0,0,0,0,0,0,0,0,0,0,0,0,0,0,0,0,0,0,0,0,0,0,0,0,-60,0,0,0,0,0,0,0,0,0,-1200,-1200,-1200,-1200,-1200,-1200,0,0,0,0,0,0,0,0,0,0,0,0,0,0,0,0,0,0,0,0,0,0,0,0,0,0,0,0,0,0
8001,Heavenly Reincarnation,0,0,0,0,经由天人道转世轮回之人，终生无忧无虑，可享天人之福报……,0,1|1|1,0,0,8001,0,0,0,0,0,0,,0,0,0,0,0,0,0,0,100,0,0,0,0,0,0,0,0,0,0,0,0,0,0,0,0,0,0,0,0,0,30,0,0,0,0,0,0,0,0,0,0,0,0,0,0,0,0,0,0,0,0,0,0,0,0,0,0,0,0,0,0,0,0,0,0,0,0,0,0,0,0,0,0,0,0,0,0,0,0,0,0,0,0,0,0,0,0,0,0,0,0,0,0,0,0
8002,Humanic Reincarnation,0,0,0,0,经由人间道转世轮回之人，生而有喜有忧，有爱有恨，或享福报，或受恶果，因个人行止而异……,0,0,1|1|1,0,8001,0,0,0,0,0,0,,0,0,0,0,0,0,0,0,50,0,0,0,0,0,0,0,0,0,0,0,0,0,0,0,0,0,0,0,0,30,0,0,0,0,0,0,0,0,0,0,0,0,0,0,0,0,0,0,0,0,0,0,0,0,0,0,0,0,0,0,0,0,0,0,0,0,0,0,0,0,0,0,0,0,0,0,0,0,0,0,0,0,0,0,0,0,0,0,0,0,0,0,0,0,0
8003,Demonic Reincarnation,0,0,0,0,经由非天道转世轮回之人，虽有天人之福报，但亦负阿修罗之罪业，若此生无德，终无善终……,1|1|1,0,0,0,8001,0,0,0,0,0,0,,0,0,-30,0,0,30,0,-30,0,0,0,0,0,0,0,0,0,0,0,0,0,0,0,0,0,0,0,0,30,0,-30,0,0,0,0,0,0,0,0,0,0,0,0,0,0,0,0,0,0,0,0,0,0,0,0,0,0,0,0,0,0,0,0,0,0,0,0,0,0,0,0,0,0,0,0,0,0,0,0,0,0,0,0,0,0,0,0,0,0,0,0,0,0,0,0
8004,Infernal Reincarnation,0,0,0,0,经由地狱道转世轮回之人，饱受十八层地狱之惩，纵得转回转世，亦难得半分喜乐……,2|2|2,0,0,-3,8001,0,0,0,0,0,0,,0,0,0,0,0,0,0,0,-100,0,0,0,0,0,0,0,0,0,0,0,0,0,0,0,0,30,0,0,0,0,0,0,0,0,0,0,0,0,0,0,0,0,0,0,0,0,0,0,0,0,0,0,0,0,0,0,0,0,0,0,0,0,0,0,0,0,0,0,0,0,0,0,0,0,0,0,0,0,0,0,0,0,0,0,0,0,0,0,0,0,0,0,0,0,0
8005,Ghostly Reincarnation,0,0,0,0,经由饿鬼道转世轮回之人，受贪嫉，欺诳所累，难以脱于世间众欲，恒常怨苦……,0,0,2|2|2,-2,8001,0,0,0,0,0,0,,0,0,0,0,0,0,0,0,-50,0,0,0,0,0,0,0,0,0,0,0,0,0,0,0,0,0,0,30,0,0,0,0,0,0,0,0,0,0,0,0,0,0,0,0,0,0,0,0,0,0,0,0,0,0,0,0,0,0,0,0,0,0,0,0,0,0,0,0,0,0,0,0,0,0,0,0,0,0,0,0,0,0,0,0,0,0,0,0,0,0,0,0,0,0,0
8006,Beastly Reincarnation,0,0,0,0,经由傍生道转世轮回之人，乃世间众生之杂畜，虽具人形，不得人智，譬如猪狗牛羊……,0,2|2|2,0,-1,8001,0,0,0,0,0,0,,0,0,0,-30,0,-30,30,0,0,0,0,0,0,0,0,0,0,0,0,0,0,0,0,0,0,0,30,0,0,-30,0,0,0,0,0,0,0,0,0,0,0,0,0,0,0,0,0,0,0,0,0,0,0,0,0,0,0,0,0,0,0,0,0,0,0,0,0,0,0,0,0,0,0,0,0,0,0,0,0,0,0,0,0,0,0,0,0,0,0,0,0,0,0,0,0
9997,Peaceful Mind and Soul,1,0,0,0,None,0,0,0,0,9997,0,0,0,0,0,0,,0,0,0,0,0,0,0,0,0,0,0,0,0,0,0,0,0,0,0,0,0,0,0,0,0,0,0,0,0,0,0,0,0,0,0,0,0,0,0,0,0,0,0,0,0,0,0,0,0,0,0,0,0,0,0,0,0,0,0,0,0,0,0,0,0,0,0,0,0,0,0,0,0,0,0,0,0,0,0,0,0,0,0,0,0,0,0,0,0,0,0,0,0,0,0
9998,Enthralled,0,0,0,0,Enthralled by Xiangshu，this character is haunted by the corruption of XiangShu……\nC_20008（The enthralled character's standpoint is compulsively converted to Rebel！）C_D,2,0,2|2,0,9997,0,0,0,0,0,0,,0,0,0,0,0,35,0,0,-35,0,0,0,0,0,0,0,0,0,0,0,0,0,0,0,0,0,0,0,0,0,0,0,0,0,0,0,0,0,0,0,25,25,25,25,0,0,0,0,0,0,0,0,0,0,300,300,0,0,0,0,0,0,0,0,0,0,0,0,0,0,0,0,0,0,0,0,0,0,0,0,0,0,0,0,0,0,0,0,0,0,0,0,0,0,0
9999,Possessed,0,0,0,0,This character is possessed by Xiangshu，with the last existing consciuosness fading away……\nC_20008（The possessed character's standpoint is compulsively converted to Egoist！）C_D,2|2,0,2,0,9997,0,0,0,0,0,0,,100,0,0,0,0,100,0,0,-100,0,0,0,0,0,0,0,0,0,0,0,0,0,0,0,0,0,0,0,0,0,0,0,0,0,0,0,0,0,0,0,75,75,75,75,0,0,0,0,0,0,0,0,0,0,600,600,0,0,0,0,0,0,0,0,0,0,0,0,0,0,0,0,0,0,0,0,0,0,0,0,0,0,0,0,0,0,0,0,0,0,0,0,0,0,0
10001,Avatar of XiangShu,0,0,0,0,Avatar of XiangShu，Incarnation of evil phases……,1,1,1,0,10001,0,0,0,0,0,0,,10000,0,0,0,0,100,0,0,-100,0,0,0,0,0,0,0,0,0,0,0,0,0,0,0,0,0,0,0,0,0,0,0,0,0,0,0,0,0,0,0,0,0,0,0,0,0,0,0,0,0,0,0,0,0,0,0,0,0,0,0,0,0,0,0,0,0,0,0,0,0,0,0,0,0,0,0,0,0,0,0,0,0,0,0,0,0,0,0,0,0,0,0,0,0,0
10002,Goddess Counterattack,0,0,0,0,莫女者，又名鸟灵医，是天帝之女。\n那时长江之南有座大山，名叫不氏山，山中有鸟却不鸣叫，莫女便于此山中独住，山中鸟类见她便就飞落到她肩头哭泣，莫女知道这些鸟儿常饮山中一处潭水，饮的多了才失了歌鸣之能。于是，莫女就寻到那处潭水，发现有个容形清瘦的人长年于此潭水边上采集一种千年才长一寸的三色灵铁——蝉壳子——用以铸剑。\n那人对莫女说：这潭水之下有个妖魔，常食蝉壳子以做修炼，又于潭水之中施了恶毒，以叫害它之人不可入到潭水深处，我在此处铸剑，便是要以此剑除它。\n莫女听他之言，却不相信，于是将那人所铸之剑扔入了潭水之中，再将那人赶走，又用了些奇妙草药医治这山中的鸟儿，令使这山中雀鸟尽皆恢复了鸣叫之能。\n但是后来，真如那铸剑之人所言，那潭水之下果真有个妖魔，铸剑之人离开不过一个月，它便出了深潭，为祸山中。\n莫女追悔不已，便不顾妖魔之恶，舍身入到那潭水之下，受冰寒刺骨之苦，忍妖灵蚀体之痛，终于取回了那柄被她扔弃之剑，且用衣衫包裹，叫这山中鸟儿衔飞而去，还给那位铸剑之人，请他来此斩妖除魔，然而不久，莫女便因受了潭水之毒所害而死。\n后来，那位铸剑之人持此灵剑除了妖魔，因受莫女舍身还剑之义所感，便称那柄灵剑为莫女衣，据说，莫女衣的灵气可解百千毒。\n此后，莫女的尸体躺在不氏山上永远不见腐败。,0,3|3,3,0,10001,0,0,0,0,0,0,,0,0,100,0,0,0,0,0,0,0,0,0,0,0,0,0,0,0,0,0,0,0,0,0,0,0,0,0,0,0,0,0,0,0,0,0,0,0,0,0,0,0,0,0,0,0,0,0,0,0,0,0,0,0,0,0,0,0,0,0,0,0,0,0,0,0,0,0,0,0,0,0,0,0,0,0,0,0,0,0,0,0,0,0,0,0,0,0,0,0,0,0,0,0,0
10003,Evil-Vanquisher,0,0,0,0,早古之时，西方之界有个神人，名称大岳瑶常。\n大岳瑶常的父亲是钦槐。钦槐是大禹的儿子。\n大岳瑶常于世上只存七百年：头一百年，大岳瑶常于南方黑水之中杀了众多妖龙恶蛟；后两百年，大岳瑶常于西荒赤水之下斩了许多炎旱魍魉；再一百年，大岳瑶常于北面寒苦之地灭了无数霜怪雪精；又一百年，大岳瑶常去到东方海天之界降伏了百千地灵鬼仙；最后的两百年，大岳瑶常便是在昆仑山下坐等羽化。\n他羽化之后，便留下了一身尸骨，天地间的妖魔鬼怪皆不敢残其遗骸，这些尸骨受岁月风蚀于是凝聚在一起，便就化成了镇狱伏邪石。,3|3,3,0,0,10001,0,0,0,0,0,0,,0,0,0,0,0,0,100,0,0,0,0,0,0,0,0,0,0,0,0,0,0,0,0,0,0,0,0,0,0,0,0,0,0,0,0,0,0,0,0,0,0,0,0,0,0,0,0,0,0,0,0,0,0,0,0,0,0,0,0,0,0,0,0,0,0,0,0,0,0,0,0,0,0,0,0,0,0,0,0,0,0,0,0,0,0,0,0,0,0,0,0,0,0,0,0
10004,Glacial Aura,0,0,0,0,洪荒之始，炎帝与赤水的姑娘听妖结合，生炎居。炎居后来生节并，节并又生戏器，戏器生了祝融，祝融乃生共工。\n共工是司水之神，蛇身人面，头发火红。他与黄帝相斗，意欲争夺帝位，却始终不能取胜。\n共工心中积愤，便怒而撞不周之山。\n不周山乃是天之支柱，共工怒而相撞，竟使其断，天空于是向西北倾斜，大地亦是朝东南塌陷下去，漫天的星辰便开始自东南向西北移动，神州之内江河之水无不由西北往东南大肆奔流。\n那时，东南之地有座山谷，名叫后泽。后泽之处有角民。\n角民与寻常人无多异处，数目多以万计，却从不出到后泽之外。角民之中有个名叫九寒的男子，因他生来便能驱奇寒之气，却又不可自控，一出生便就冻死了双亲，因此，后泽之处的角民就将他一人赶到了后泽西边的一座雪山上，不叫他接触人畜，更不叫他入到后泽之地。\n后来，九寒娶了雪山上的雪女，冬季一过，雪女寿短，便就化成了雪水，九寒心中伤悲，于是常取水凝结做冰。\n共工撞不周山后，江河东南而流，后泽便逢莫大洪灾，九寒不忍见角民受难，竟以一已之力，将那千万顷汹涌而来的洪水尽数凝成冰雪，便是化成了一座高入云际的冰山，而他自己却也被深埋冰山之下。此后，角民为了记念九寒，便称那座冰山为九寒山，据说，九寒死后，那九寒山里便常有雪女呤唱哀伤的歌曲，而九寒山上的冰雪便是太阳真火也烤不化。,0,3|3|3,0,0,10001,0,0,0,0,0,0,,0,0,0,0,0,0,0,100,0,0,0,0,0,0,0,0,0,0,0,0,0,0,0,0,0,0,0,0,0,0,0,0,0,0,0,0,0,0,0,0,0,0,0,0,0,0,0,0,0,0,0,0,0,0,0,0,0,0,0,0,0,0,0,0,0,0,0,0,0,0,0,0,0,0,0,0,0,0,0,0,0,0,0,0,0,0,0,0,0,0,0,0,0,0,0
10005,Pentachrome and Sevenfold Marks,0,0,0,0,凤凰分雄雌，雄者称为凤，雌者叫做凰。\n黄帝当政之时，曾问天老：何为凤凰。\n天老便答：凤凰是神鸟，其首似大雁，其身若麒麟，颈像蛇颈，尾似鱼尾，下颌像是燕的下颌，嘴如鸡嘴，身上有五彩斑斓的花纹，头上有“德”字，腹下有“信”字，背上有“礼”字，胸口有“仁”字，翅上有“义”字，脚踏着“正”字，尾上系着“武”字。它若鸣叫，小则似是磕金震玉，大则若是擂鼓惊天，当其昂首展翅之时，五彩缤纷，好不绚丽。\n相传凤凰乃不死，但其每个生命周期却只有四千六百日。凤凰身上生着无数赤目金蚕，赤目金蚕每四千六百日便就吞丝结茧包绕凤凰，又过四千六百日方才茧破，凤凰得出，又获重生。,3,3,3,0,10001,0,0,0,0,0,0,,0,0,0,0,0,0,0,0,100,0,0,0,0,0,0,0,0,0,0,0,0,0,0,0,0,0,0,0,0,0,0,0,0,0,0,0,0,0,0,0,0,0,0,0,0,0,0,0,0,0,0,0,0,0,0,0,0,0,0,0,0,0,0,0,0,0,0,0,0,0,0,0,0,0,0,0,0,0,0,0,0,0,0,0,0,0,0,0,0,0,0,0,0,0,0
10006,Matchless Beauty,0,0,0,0,青丘国在朝阳之谷的北面，朝阳之谷是水伯天吴的居所，生活在青丘国的人皆以丝帛为衣，食生的五谷，因为青丘国人不善用火，青丘国的火种便都灭息了。\n青丘国的王名叫竖方，他的父亲是一株槐树，他是天吴的臣子，竖方共有十七个女儿，她们都陆续嫁给了水伯，只有最小的衣以候留在竖方的身边。\n因为衣以候的容貌太过美丽，当时青丘国的大夫都斋父便为她卜卦，卦言：其美，其美，天倾地覆，绝断四时，三方甲士乃举兵戈，山江尽赤上下数祸，此至败相（她的美貌啊，连天都塌陷下来、连地都翻转过来，想要投入她的怀中，四季因她而不再运转，无数的国家因她而燃起战火，山河都被血染红了，天上地下从此多祸劫，这是大凶的卦相）。\n竖方闻此卦意，惊吓不已，只得忍下心痛，命人残毁了衣以候的面容，但谁知衣以候伤愈之后竟又恢复如初，试了三次，皆如这般。竖方无法，便教衣以候从小穿着男装，扮做男儿的模样，以为可以避祸。后来，衣以候长到十九岁，美貌再也掩盖不住，竖方便将她送至青丘国外与九尾之狐为伴。\n九尾狐中有只年轻的灵狐，只有七尾，故而为其它九尾之狐称为丑狐，它教衣以候用血取四象之火。\n衣以候与它相爱，便就嫁给了它做了它的妻子。人们自此知道，衣以候原来是女儿之身啊。她的美貌一时传遍了周边大小的国家，人们只要听到衣以候的名字便就心醉不已。水伯天吴也来迎娶衣以候。竖方畏惧天吴的神力，便叫都斋父前去召回衣以候。\n都斋父见到独自在河边浣洗衣物的衣以候，便对她说，你的丈夫成了神仙，已去了天上，衣以候跑回家去，看到满屋都是迷幻的云雾，果真寻不到丑狐了。因为都斋父早将丑狐引到了焚神山上，用一颗桃木做成的大钉杀死了丑狐。\n衣以候伤心欲绝，心灰意冷，就这样随都斋父回了青丘国。\n到了出嫁那日，天吴迎亲的队伍载着衣以候从焚神山下经过，焚神山上竟刹时燃起了冲天的火光，火势之巨，骇人至极，直烧到九重天外。衣以候泪若雨洒，知道是丑狐在这焚神山上，便跑进了山中，随行的竖方与都斋父前去追赶，结果都被大火烧成了灰烬，后来，焚神山上的火渐见熄灭，却不见烧毁一草寸木。,3|3,0,3,0,10001,0,0,0,0,0,0,,0,0,0,0,0,0,0,0,100,0,0,0,0,0,0,0,0,0,0,0,0,0,0,0,0,0,0,0,0,0,0,0,0,0,0,0,0,0,0,0,0,0,0,0,0,0,0,0,0,0,0,0,0,0,0,0,0,0,0,0,0,0,0,0,0,0,0,0,0,0,0,0,0,0,0,0,0,0,0,0,0,0,0,0,0,0,0,0,0,0,0,0,0,0,0
10007,Dragonborn,0,0,0,0,太古之时，海外之界有个无启国，无启国的人没有子孙后嗣。\n无启国外有座钟山，钟山之神名为烛阴，它长着人的面孔，蛇的身躯，长千里，遍体赤红，它睁开眼，就是白天，闭上眼，就是黑夜，它的呼吸就能化为风，他一吹气世上便为冬，他一呼气世上便为夏，它不饮、不食，居住在无启国的东边，那时钟山脚下有个怪人，名叫服常居合。\n服常居合是盘古的腑脏所化，能食金石，尤其喜好吃蛇，他生来就有六臂三首，三年就长了三千丈高，他见到龙便以为是大蛇，而把龙吞进了腹中，如此总共吃了一百条九天内外的神龙。\n烛阴看到服常居合，知道服常居合要吃他，于是转身要走，却被服常居合一口咬断了他的尾巴，烛阴痛的晕死了过去，服常居合就高兴的抓起烛阴尾部受伤的那一端往怀里拖拽，哪知烛阴的身子长达千里，又不止千里，服常居合过了十年还是没有找到烛阴的头首，便就饿死在了钟山下。\n后来，无启国中有个名叫卫起的神人从服常居合的身旁经过，服常居合竟又站了起来，只对卫起说腹中饥饿。卫起便把身上的食物喂给服常居合吃了，服常居合吃完之后却又哭泣起来，卫起于是对他说：你若仍饿，便把我吃了罢。服常居合听后竟真将卫起放入了口中，吞下肚去，这才倒下再又死去了。\n自此过去七十年后，闪电劈开了服常居合的肚子，卫起竟然未死，还在服常居合的腹中寻到了烛阴的断尾，不想那断尾已化为铁石，聚百龙之神，凝做不世之兵。,3,3|3,0,0,10001,0,0,0,0,0,0,,0,0,0,0,0,0,100,0,0,0,0,0,0,0,0,0,0,0,0,0,0,0,0,0,0,0,0,0,0,0,0,0,0,0,0,0,0,0,0,0,0,0,0,0,0,0,0,0,0,0,0,0,0,0,0,0,0,0,0,0,0,0,0,0,0,0,0,0,0,0,0,0,0,0,0,0,0,0,0,0,0,0,0,0,0,0,0,0,0,0,0,0,0,0,0
10008,Animator of Jade,0,0,0,0,“建木”生长在神洲之内东南以西的弱水河畔，其状似牛，又大上不止千百倍，其叶如同罗网一般，而其果实与乐木的果实极是相像。\n建木乃是天帝以神土“息壤”所种植，是为通天之梯，无论凡人神鬼若要入到天界，唯有自此树而上。\n有个神人，名叫以向，无甚法力，却善养玉。有一日，以向东去玩乐，有个少年看到天上现出青碧之色，知道以向要从其家门之前经过，便放了一块巨大的白色玉石于路上，愿以此稀罕珍贵之物将以向拦下，求养玉之法。\n果然，以向至此便不再前行，他见那少年便说：此玉虽好，可惜是死玉，你可拿血养它，再行一万里去到那建木之下深埋十年，亦要以血浇种，恐尚有一线生机。以向说完便就走了，少年听入心中，当真照着去做。便经八年难苦，终于将那巨大的白色玉石带到了建木之下，又依那以向之说，在那建木之下每日滴血入土待了十年。\n十年之后，少年再将那块白玉挖出，不曾想，那玉之中竟然生了血脉，称是活玉，形状亦变，如是一把宝剑，隐现不定，更生智慧，神力不凡。\n这时，以向忽然从天外而来，欢声唱道：玉活，玉活，溶去息壤凝作魂，玉活，玉活，如是孩童初见人，玉活，玉活，羞与人望常常隐。,0,0,3|3|3,0,10001,0,0,0,0,0,0,,0,0,0,100,0,0,0,0,0,0,0,0,0,0,0,0,0,0,0,0,0,0,0,0,0,0,0,0,0,0,0,0,0,0,0,0,0,0,0,0,0,0,0,0,0,0,0,0,0,0,0,0,0,0,0,0,0,0,0,0,0,0,0,0,0,0,0,0,0,0,0,0,0,0,0,0,0,0,0,0,0,0,0,0,0,0,0,0,0,0,0,0,0,0,0
10009,Octobrachial Octopod,0,0,0,0,蚩尤勇猛异常，他有八十一个兄弟，个个都是铜头铁额，头上生有坚利的角，耳边长有剑一般的毛发，以沙石、金铁为食，善于制造各种锋利的兵器，具有无比巨大的神力。\n黄帝和蚩尤之间爆发了一场大战。蚩尤发动自己的弟兄和南方部族以及山林水泽间的怪神，杀向黄帝所在之地涿鹿，黄帝则调协四方鬼神各种野兽及中原一些部族迎战。战斗异常激烈，蚩尤变幻多端，征风召雨，喷烟吐雾，把黄帝军队团团围在大雾之中。直到黄帝的臣子风后制作了指南车，黄帝军队才冲出大雾的包围。黄帝请来应龙，企图以大雨淹死敌人。蚩尤也请来风伯、雨师，刮起一起更猛烈的大风雨，使得黄帝军队四散溃逃。黄帝又叫他的女儿魃上阵参战，暴雨刹那间消失，应龙等伺机杀去，使蚩尤受挫。黄帝又用神兽夔的皮制成一面大鼓，用雷神的骨头作鼓槌。鼓声惊天动地，五百里外也能听到，蚩尤军队丧魂落魄。黄帝又布列了变化莫测的阵图，把蚩尤军队重重包围起来，蚩尤终于兵败被俘。\n蚩尤被杀于涿鹿，他手脚上的枷铐抛掷后化为一片颜色鲜红的枫林，那是蚩尤斑斑的血迹。,3|3|3,0,0,0,10001,0,0,0,0,0,0,,0,0,0,0,0,100,0,0,0,0,0,0,0,0,0,0,0,0,0,0,0,0,0,0,0,0,0,0,0,0,0,0,0,0,0,0,0,0,0,0,0,0,0,0,0,0,0,0,0,0,0,0,0,0,0,0,0,0,0,0,0,0,0,0,0,0,0,0,0,0,0,0,0,0,0,0,0,0,0,0,0,0,0,0,0,0,0,0,0,0,0,0,0,0,0
10010,Celestial Edict,0,0,0,0,皇顾伯是应龙之后。\n早古三皇时期，应龙为黄帝之臣。蚩尤与黄帝战时，黄帝便命应龙于冀州之野蓄水攻打蚩尤。蚩尤便就请来风伯雨师兴风纵雨而使应龙不能再蓄水。于是黄帝又派遣名叫魃的天女下界相助，天女魃一到，她的旱气就把雨水冲散了，应龙便杀掉了蚩尤。\n相传应龙杀了蚩尤后又杀死了夸父，故而不得复上天宫，从此去往南方居住，因此南方便多雨水，所以皇顾伯也一样不可以再回到天上。\n这个皇顾伯生来喜爱雨水，尤其喜好布虹。当时南方有个道士，名叫术方，也善采霞布虹之法，术法无比神通。皇顾伯便就化做一个美貌的女子前去窃探术方的法术，不料被术方一眼就识破了。术方见他心地诚挚，便也就不责怪于他，反以真言相授，只说：虹者，光雾之霞。霞为日月所引，日虹霞炫，为耀金之霞；月虹霞盈，是满玉之霞，此二都不过凡虹，而日月同引之霞方乃天上之虹，是鬼神之霞。\n皇顾伯听着，心动不可以止，但是日升月没之律由天已定，日月如何可以同隐同现，又当如何同引霞光以化为虹呢？皇顾伯心中想到一法，辞去术方之后，竟偷上了天宫，便是身犯大险，先与日母羲和借日，又向月母常羲借月，可惜皆未如愿，反被天帝发觉，施以重惩斩去了龙首。\n谁知那皇顾伯虽没了头颅，但心却不死，回到了下界之后，便躺在东海岸边，心中悲怨不已。\n术方见皇顾伯如此执着，于心不忍，也因自知泄露了天机，害他非轻，于是就取来一柄剑形的青铜古牌令，施起无上神通，竟引日月同现，东海也随之潮升万丈，化出雾幕，雾幕之中，更刹时生出九种色彩的长虹，虹光之美妙，令人心痴神醉。\n此霞九色不定，变幻无方，通鬼魅之力，染日月之神，挠天动地，无可比拟。皇顾伯以心为目，惊喜观望，虹光灭息之时，终于心死而眠，化成了一滩礁石。后人都称它为望霞。据说海上霞光一起，这石上便会生出眼目往霞中顾盼。\n而那术方也因施了逆天之法，遭天罚处，被化入了那柄青铜古牌令之内。,0,3,3|3,0,10001,0,0,0,0,0,0,,0,0,0,0,100,0,0,0,0,0,0,0,0,0,0,0,0,0,0,0,0,0,0,0,0,0,0,0,0,0,0,0,0,0,0,0,0,0,0,0,0,0,0,0,0,0,0,0,0,0,0,0,0,0,0,0,0,0,0,0,0,0,0,0,0,0,0,0,0,0,0,0,0,0,0,0,0,0,0,0,0,0,0,0,0,0,0,0,0,0,0,0,0,0,0
10011,Presence of XiangShu,0,0,0,0,All beings and all faces，cores and connections……,2,2,2,0,10001,0,0,0,0,0,0,,0,0,0,0,0,0,0,0,0,0,0,0,0,0,0,0,0,0,0,0,0,0,0,0,0,0,0,0,0,0,0,0,0,0,0,0,0,0,0,0,0,0,0,0,0,0,0,0,0,0,0,0,0,0,0,0,0,0,0,0,0,0,0,0,0,0,0,0,0,0,0,0,0,0,0,0,0,0,0,0,0,0,0,0,0,0,0,0,0,0,0,0,0,0,0
9001,Elixir of the heaven,0,0,0,0,Taken elixir left the the gods……,0,0,1,1,9001,0,0,0,0,0,0,,10,0,0,0,0,0,0,0,0,0,0,0,0,0,0,0,0,0,0,0,0,0,0,0,0,0,0,0,0,0,0,0,0,0,0,0,0,0,0,0,0,0,0,0,0,0,0,0,0,0,0,0,0,0,0,0,0,0,0,0,0,0,0,0,0,0,0,0,0,0,0,0,0,0,0,0,0,0,0,0,0,0,0,0,0,0,0,0,0,0,0,0,0,0,0
9002,Elixir of the heaven,0,0,0,0,Taken elixir left the the gods……,0,0,1|1,2,9001,0,0,0,0,0,0,,20,0,0,0,0,0,0,0,0,0,0,0,0,0,0,0,0,0,0,0,0,0,0,0,0,0,0,0,0,0,0,0,0,0,0,0,0,0,0,0,0,0,0,0,0,0,0,0,0,0,0,0,0,0,0,0,0,0,0,0,0,0,0,0,0,0,0,0,0,0,0,0,0,0,0,0,0,0,0,0,0,0,0,0,0,0,0,0,0,0,0,0,0,0,0
9003,Elixir of the heaven,0,0,0,0,Taken elixir left the the gods……,0,0,1|1|1,3,9001,0,0,0,0,0,0,,30,0,0,0,0,0,0,0,0,0,0,0,0,0,0,0,0,0,0,0,0,0,0,0,0,0,0,0,0,0,0,0,0,0,0,0,0,0,0,0,0,0,0,0,0,0,0,0,0,0,0,0,0,0,0,0,0,0,0,0,0,0,0,0,0,0,0,0,0,0,0,0,0,0,0,0,0,0,0,0,0,0,0,0,0,0,0,0,0,0,0,0,0,0,0
9004,Poison of the Spider Queen,0,0,0,0,Has been bite by the poisonous spider queen of Five Immortals……,0,1,0,1,9004,0,0,0,0,0,0,,0,0,0,0,0,0,0,0,0,0,0,0,0,0,0,0,0,0,0,0,0,0,0,0,0,0,0,0,0,0,0,0,0,0,0,0,0,0,0,0,0,0,0,0,0,0,0,0,0,0,0,0,0,0,0,0,0,0,0,250,250,250,250,250,250,0,0,0,0,0,0,0,0,0,0,0,0,0,0,0,0,0,0,0,0,0,0,0,0,0,0,0,0,0,0
9005,Poison of the Spider Queen,0,0,0,0,Has been bite by the poisonous spider queen of Five Immortals……,0,1|1,0,2,9004,0,0,0,0,0,0,,0,0,0,0,0,0,0,0,0,0,0,0,0,0,0,0,0,0,0,0,0,0,0,0,0,0,0,0,0,0,0,0,0,0,0,0,0,0,0,0,0,0,0,0,0,0,0,0,0,0,0,0,0,0,0,0,0,0,0,500,500,500,500,500,500,0,0,0,0,0,0,0,0,0,0,0,0,0,0,0,0,0,0,0,0,0,0,0,0,0,0,0,0,0,0
9006,Poison of the Spider Queen,0,0,0,0,Has been bite by the poisonous spider queen of Five Immortals……,0,1|1|1,0,3,9004,0,0,0,0,0,0,,0,0,0,0,0,0,0,0,0,0,0,0,0,0,0,0,0,0,0,0,0,0,0,0,0,0,0,0,0,0,0,0,0,0,0,0,0,0,0,0,0,0,0,0,0,0,0,0,0,0,0,0,0,0,0,0,0,0,0,750,750,750,750,750,750,0,0,0,0,0,0,0,0,0,0,0,0,0,0,0,0,0,0,0,0,0,0,0,0,0,0,0,0,0,0
9007,Septenary Recuperation of the Big Dipper,0,0,0,0,Understood the secret of the stars……,0,1,0,1,9007,0,0,0,0,0,0,,0,0,0,0,0,0,0,0,0,0,0,0,0,0,0,0,0,0,0,0,0,0,0,0,0,0,0,0,0,0,0,0,0,10,0,0,0,0,0,0,0,0,0,0,0,0,0,0,0,0,0,0,0,0,0,0,0,0,0,0,0,0,0,0,0,0,0,0,0,0,0,0,0,0,0,0,0,0,0,0,0,0,0,0,0,0,0,0,0,0,0,0,0,0,0
9008,Septenary Recuperation of the Big Dipper,0,0,0,0,Understood the secret of the stars……,0,1|1,0,2,9007,0,0,0,0,0,0,,0,0,0,0,0,0,0,0,0,0,0,0,0,0,0,0,0,0,0,0,0,0,0,0,0,0,0,0,0,0,0,0,0,20,0,0,0,0,0,0,0,0,0,0,0,0,0,0,0,0,0,0,0,0,0,0,0,0,0,0,0,0,0,0,0,0,0,0,0,0,0,0,0,0,0,0,0,0,0,0,0,0,0,0,0,0,0,0,0,0,0,0,0,0,0
9009,Septenary Recuperation of the Big Dipper,0,0,0,0,Understood the secret of the stars……,0,1|1|1,0,3,9007,0,0,0,0,0,0,,0,0,0,0,0,0,0,0,0,0,0,0,0,0,0,0,0,0,0,0,0,0,0,0,0,0,0,0,0,0,0,0,0,30,0,0,0,0,0,0,0,0,0,0,0,0,0,0,0,0,0,0,0,0,0,0,0,0,0,0,0,0,0,0,0,0,0,0,0,0,0,0,0,0,0,0,0,0,0,0,0,0,0,0,0,0,0,0,0,0,0,0,0,0,0
9010,Praise of Lion Face,0,0,0,0,Your names has been spread by Lion Face……,0,0,1,1,9010,0,0,0,0,0,0,,0,0,0,0,0,0,0,0,0,0,0,0,0,0,0,0,0,0,0,0,0,0,0,0,0,0,0,0,0,0,0,0,0,0,0,0,0,0,0,0,0,0,0,0,0,0,0,0,0,0,0,0,0,0,0,0,0,0,0,0,0,0,0,0,0,0,0,0,0,0,0,0,0,0,0,0,0,0,0,0,0,0,0,0,0,0,0,0,0,0,0,0,0,0,0
9011,Praise of Lion Face,0,0,0,0,Your names has been spread by Lion Face……,0,0,1|1,2,9010,0,0,0,0,0,0,,0,0,0,0,0,0,0,0,0,0,0,0,0,0,0,0,0,0,0,0,0,0,0,0,0,0,0,0,0,0,0,0,0,0,0,0,0,0,0,0,0,0,0,0,0,0,0,0,0,0,0,0,0,0,0,0,0,0,0,0,0,0,0,0,0,0,0,0,0,0,0,0,0,0,0,0,0,0,0,0,0,0,0,0,0,0,0,0,0,0,0,0,0,0,0
9012,Praise of Lion Face,0,0,0,0,Your names has been spread by Lion Face……,0,0,1|1|1,3,9010,0,0,0,0,0,0,,0,0,0,0,0,0,0,0,0,0,0,0,0,0,0,0,0,0,0,0,0,0,0,0,0,0,0,0,0,0,0,0,0,0,0,0,0,0,0,0,0,0,0,0,0,0,0,0,0,0,0,0,0,0,0,0,0,0,0,0,0,0,0,0,0,0,0,0,0,0,0,0,0,0,0,0,0,0,0,0,0,0,0,0,0,0,0,0,0,0,0,0,0,0,0
11001,red eyed premature Gu,0,0,0,0,Infected with premature obedient Red eyed Gu。\nRed eyed Gu's eyes are red，with red dots on the body，bred inside the skull of corpses by the Miao people。\nFor every normal attack the host makes，there is a chance that it cannot be resolved，but the host recieves damages to toxin body part；Red eyed Gu will stay in the host for the rest of his life，when a poison is triggered，there is a chance for the Red eyed Gu to mature。,2,0,0,-1,11001,0,0,0,0,25,11002,AttackSkills.Wuxianjiao.BugEffect.ChiMuGuGood,-5,500,0,0,0,0,0,0,0,0,0,0,0,0,0,0,0,0,0,0,0,0,0,0,0,0,0,20,0,0,0,0,0,0,0,0,0,0,0,0,0,0,0,0,0,0,0,0,0,0,0,0,0,0,0,0,0,0,0,0,0,0,0,0,0,0,0,0,0,0,0,0,0,0,0,0,0,0,0,0,0,0,0,0,0,0,0,0,0,0,0,0,0,0,0
11002,red eyed premature Gu,0,0,0,0,Infected with premature Red eyed Gu。\nRed eyed Gu's eyes are red，with red dots on the body，bred inside the skull of corpses by the Miao people。\nFor every normal attack the host makes，there is a chance that it will be immediately resolved，and recieves damage to toxin body part；Red eyed Gu will stay in the host for the rest of his life，when a poison is triggered，Red eyed Gu has a chance to mature。,2|2,0,0,-1,11001,0,0,0,0,25,11001,AttackSkills.Wuxianjiao.BugEffect.ChiMuGuBad,-5,500,0,0,0,0,0,0,0,0,0,0,0,0,0,0,0,0,0,0,0,0,0,0,0,0,0,-20,0,0,0,0,0,0,0,0,0,0,0,0,0,0,0,0,0,0,0,0,0,0,0,0,0,0,0,0,0,0,0,0,0,0,0,0,0,0,0,0,0,0,0,0,0,0,0,0,0,0,0,0,0,0,0,0,0,0,0,0,0,0,0,0,0,0,0
11003,red eyed matured Gu,0,0,0,0,Infected with Red eyed Gu。\nRed eyed Gu's eyes are red，with red dots on the body，bred inside the skull of corpses by the Miao people。\nFor every normal attack the host makes，there is a chance that it will be immediately resolved，and recieves damage to toxin body part。,2|2|2,0,0,-1,11001,0,0,0,0,0,11001|11002,AttackSkills.Wuxianjiao.BugEffect.ChiMuGuBad,-20,2000,0,0,0,0,0,0,0,0,0,0,0,0,0,0,0,0,0,0,0,0,0,0,0,0,0,-100,0,0,0,0,0,0,0,0,0,0,0,0,0,0,0,0,0,0,0,0,0,0,0,0,0,0,0,0,0,0,0,0,0,0,0,0,0,0,0,0,0,0,0,0,0,0,0,0,0,0,0,0,0,0,0,0,0,0,0,0,0,0,0,0,0,0,0
11004,geist premature Gu,0,0,0,0,Infected with premature obedient Geist Gu。\nGeist Gu were fed with hundreds of flowers，then smoked with tens of  fragrant wood，body is purple，with a light shine。\nWhenever the host recieves internal damage to anywhere but toxin body part，turn the damage to toxin body part instead；Geist Gu will stay in the host for the rest of his life，when the host enters enthralled or possessed state，the Geist Gu will mature。,0,0,2,-1,11004,0,0,0,0,25,11005,AttackSkills.Wuxianjiao.BugEffect.ChiMeiGuGood,-5,500,0,0,0,0,0,0,0,0,0,0,0,0,0,0,0,0,0,0,0,0,0,0,0,0,0,0,0,20,0,0,0,0,0,0,0,0,0,0,0,0,0,0,0,0,0,0,0,0,0,0,0,0,0,0,0,0,0,0,0,0,0,0,0,0,0,0,0,0,0,0,0,0,0,0,0,0,0,0,0,0,0,0,0,0,0,0,0,0,0,0,0,0,0
11005,geist premature Gu,0,0,0,0,Infected with premature Geist Gu。\nGeist Gu were fed with hundreds of flowers，then smoked with tens of  fragrant wood，body is purple，with a light shine。\nWhenever the internal damage of anywhere but toxin body part gets healed，the host will recieve internal damage to the toxin body part with equivalent severity；Geist Gu will stay in the host for the rest of his life，when the host enters enthralled or possessed state，the Geist Gu will mature。,0,0,2|2,-1,11004,0,0,0,0,25,11004,AttackSkills.Wuxianjiao.BugEffect.ChiMeiGuBad,-5,500,0,0,0,0,0,0,0,0,0,0,0,0,0,0,0,0,0,0,0,0,0,0,0,0,0,0,0,-20,0,0,0,0,0,0,0,0,0,0,0,0,0,0,0,0,0,0,0,0,0,0,0,0,0,0,0,0,0,0,0,0,0,0,0,0,0,0,0,0,0,0,0,0,0,0,0,0,0,0,0,0,0,0,0,0,0,0,0,0,0,0,0,0,0
11006,geist matured Gu,0,0,0,0,Infected with Geist Gu。\nGeist Gu were fed with hundreds of flowers，then smoked with tens of  fragrant wood，body is purple，with a light shine。\nWhenever the internal damage of anywhere but toxin body part gets healed，the host will recieve internal damage to the toxin body part with equivalent severity。,0,0,2|2|2,-1,11004,0,0,0,0,0,11004|11005,AttackSkills.Wuxianjiao.BugEffect.ChiMeiGuBad,-20,2000,0,0,0,0,0,0,0,0,0,0,0,0,0,0,0,0,0,0,0,0,0,0,0,0,0,0,0,-100,0,0,0,0,0,0,0,0,0,0,0,0,0,0,0,0,0,0,0,0,0,0,0,0,0,0,0,0,0,0,0,0,0,0,0,0,0,0,0,0,0,0,0,0,0,0,0,0,0,0,0,0,0,0,0,0,0,0,0,0,0,0,0,0,0
11007,Black Blood premature Gu,0,0,0,0,Infected with prematured obedient Black Blood Gu。\nBlack Blood Gu is totally black，stinks to hell，it is applied by piercing through the muscles，directly onto the enemy bone。\nWhenever the host recieves external damage to anywhere but toxin body part，turn the damage to toxin body part instead；Black Blood Gu will stay in the host for the rest of his life，when the constitution efficiency drops below 80%，Black Blood Gu will mature。,0,2,0,-1,11007,0,0,0,0,25,11008,AttackSkills.Wuxianjiao.BugEffect.HeiXueGuGood,-5,500,0,0,0,0,0,0,0,0,0,0,0,0,0,0,0,0,0,0,0,0,0,0,0,20,0,0,0,0,0,0,0,0,0,0,0,0,0,0,0,0,0,0,0,0,0,0,0,0,0,0,0,0,0,0,0,0,0,0,0,0,0,0,0,0,0,0,0,0,0,0,0,0,0,0,0,0,0,0,0,0,0,0,0,0,0,0,0,0,0,0,0,0,0
11008,Black Blood premature Gu,0,0,0,0,Infected with premature Black Blood Gu。\nBlack Blood Gu is totally black，stinks to hell，it is applied by piercing through the muscles，directly onto the enemy bone。\nwhenever the external damage of anywhere but toxin body part gets healed，the host will recieve external damage to the toxin body part with equivalent severity；Black Blood Gu will stay in the host for the rest of his life，when the constitution efficiency drops below 80%，Black Blood Gu will mature。,0,2|2,0,-1,11007,0,0,0,0,25,11007,AttackSkills.Wuxianjiao.BugEffect.HeiXueGuBad,-5,500,0,0,0,0,0,0,0,0,0,0,0,0,0,0,0,0,0,0,0,0,0,0,0,-20,0,0,0,0,0,0,0,0,0,0,0,0,0,0,0,0,0,0,0,0,0,0,0,0,0,0,0,0,0,0,0,0,0,0,0,0,0,0,0,0,0,0,0,0,0,0,0,0,0,0,0,0,0,0,0,0,0,0,0,0,0,0,0,0,0,0,0,0,0
11009,Black Blood matured Gu,0,0,0,0,Infected with Black Blood Gu。\nBlack Blood Gu is totally black，stinks to hell，it is applied by piercing through the muscles，directly onto the enemy bone。\nwhenever the external damage of anywhere but toxin body part gets healed，the host will recieve external damage to the toxin body part with equivalent severity。,0,2|2|2,0,-1,11007,0,0,0,0,0,11007|11008,AttackSkills.Wuxianjiao.BugEffect.HeiXueGuBad,-20,2000,0,0,0,0,0,0,0,0,0,0,0,0,0,0,0,0,0,0,0,0,0,0,0,-100,0,0,0,0,0,0,0,0,0,0,0,0,0,0,0,0,0,0,0,0,0,0,0,0,0,0,0,0,0,0,0,0,0,0,0,0,0,0,0,0,0,0,0,0,0,0,0,0,0,0,0,0,0,0,0,0,0,0,0,0,0,0,0,0,0,0,0,0,0
11010,Internal demon premature Gu,0,0,0,0,Infected with premature obedient Internal demon Gu。\nInternal demon Gu is the secret Gu used to punish defectors of Five Immortals，it is extremely difficult to breed，the appearance is unknown by outsiders。\nThere is a chance to transfer all direct damage dealt to the host to his companions；Internal demon Gu will stay in the host for the rest of his life，when the host‘s mood reaches Hopeless or Ecstatic，Internal demon Gu will mature。,0,0,2,-1,11010,0,0,0,0,25,11011,AttackSkills.Wuxianjiao.BugEffect.XinMoGuGood,-5,500,0,0,0,0,0,0,0,0,0,0,0,0,0,0,0,0,0,0,0,0,0,0,0,0,0,0,0,0,20,0,0,0,0,0,0,0,0,0,0,0,0,0,0,0,0,0,0,0,0,0,0,0,0,0,0,0,0,0,0,0,0,0,0,0,0,0,0,0,0,0,0,0,0,0,0,0,0,0,0,0,0,0,0,0,0,0,0,0,0,0,0,0,0
11011,Internal demon premature Gu,0,0,0,0,Infected with premature Internal demon Gu。\nInternal demon Gu is the secret Gu used to punish defectors of Five Immortals，it is extremely difficult to breed，the appearance is unknown by outsiders。\nThere is a chance to transfer direct damage dealt by the host to his own companions；Internal demon Gu will stay in the host for the rest of his life，when the host‘s mood reaches Hopeless or Ecstatic，Internal demon Gu will mature。,0,0,2|2,-1,11010,0,0,0,0,25,11010,AttackSkills.Wuxianjiao.BugEffect.XinMoGuBad,-5,500,0,0,0,0,0,0,0,0,0,0,0,0,0,0,0,0,0,0,0,0,0,0,0,0,0,0,0,0,-20,0,0,0,0,0,0,0,0,0,0,0,0,0,0,0,0,0,0,0,0,0,0,0,0,0,0,0,0,0,0,0,0,0,0,0,0,0,0,0,0,0,0,0,0,0,0,0,0,0,0,0,0,0,0,0,0,0,0,0,0,0,0,0,0
11012,Internal demon matured Gu,0,0,0,0,Infected with Internal demon Gu。\nInternal demon Gu is the secret Gu used to punish defectors of Five Immortals，it is extremely difficult to breed，the appearance is unknown by outsiders。\nThere is a chance to transfer direct damage dealt by the host to his own companions。,0,0,2|2|2,-1,11010,0,0,0,0,0,11010|11011,AttackSkills.Wuxianjiao.BugEffect.XinMoGuBad,-20,2000,0,0,0,0,0,0,0,0,0,0,0,0,0,0,0,0,0,0,0,0,0,0,0,0,0,0,0,0,-100,0,0,0,0,0,0,0,0,0,0,0,0,0,0,0,0,0,0,0,0,0,0,0,0,0,0,0,0,0,0,0,0,0,0,0,0,0,0,0,0,0,0,0,0,0,0,0,0,0,0,0,0,0,0,0,0,0,0,0,0,0,0,0,0
11013,Zombie premature Gu,0,0,0,0,Infected with premature obedient Zombie Gu。\nBred with corpse of greatest Yin element，who have dead in an extremely Yin location，to evolve into “9 Yin Zombie Gu”。9 Yin Zombie Gu grows rapidly once enters a live body，then burst out after feeding enough blood and tissue，can grow as big as great Chi 。\ncontinuously heal all external damages on the host；Zombie Gu will stay in the host for the rest of his life，when the host sustains external damage over the HP，Zombie Gu will reduce the lifespan of the host to 0 at the end of the month，and plant matured Zombie Gu to upto 5 characters in the current location。,2,0,0,-1,11013,0,0,0,0,25,11014,AttackSkills.Wuxianjiao.BugEffect.ShiChiGuGood,-5,500,0,0,0,0,0,0,0,0,0,0,0,0,0,0,0,0,0,0,0,0,0,0,0,0,20,0,0,0,0,0,0,0,0,0,0,0,0,0,0,0,0,0,0,0,0,0,0,0,0,0,0,0,0,0,0,0,0,0,0,0,0,0,0,0,0,0,0,0,0,0,0,0,0,0,0,0,0,0,0,0,0,0,0,0,0,0,0,0,0,0,0,0,0
11014,Zombie premature Gu,0,0,0,0,Infected with premature Zombie Gu。\nBred with corpse of greatest Yin element，who have dead in an extremely Yin location，to evolve into “9 Yin Zombie Gu”。9 Yin Zombie Gu grows rapidly once enters a live body，then burst out after feeding enough blood and tissue，can grow as big as great Chi 。\ncontinuously worsen all external damages on the host；Zombie Gu will stay in the host for the rest of his life，when the host sustains external damage over the HP，Zombie Gu will reduce the lifespan of the host to 0 at the end of the month，and plant matured Zombie Gu to upto 5 characters in the current location。,2|2,0,0,-1,11013,0,0,0,0,25,11013,AttackSkills.Wuxianjiao.BugEffect.ShiChiGuBad,-5,500,0,0,0,0,0,0,0,0,0,0,0,0,0,0,0,0,0,0,0,0,0,0,0,0,-20,0,0,0,0,0,0,0,0,0,0,0,0,0,0,0,0,0,0,0,0,0,0,0,0,0,0,0,0,0,0,0,0,0,0,0,0,0,0,0,0,0,0,0,0,0,0,0,0,0,0,0,0,0,0,0,0,0,0,0,0,0,0,0,0,0,0,0,0
11015,Zombie matured Gu,0,0,0,0,Infected with Zombie Gu。\nBred with corpse of greatest Yin element，who have dead in an extremely Yin location，to evolve into “9 Yin Zombie Gu”。9 Yin Zombie Gu grows rapidly once enters a live body，then burst out after feeding enough blood and tissue，can grow as big as great Chi 。\ncontinuously worsen all external damages on the host。,2|2|2,0,0,-1,11013,0,0,0,0,0,11013|11014,AttackSkills.Wuxianjiao.BugEffect.ShiChiGuBad,-20,2000,0,0,0,0,0,0,0,0,0,0,0,0,0,0,0,0,0,0,0,0,0,0,0,0,-100,0,0,0,0,0,0,0,0,0,0,0,0,0,0,0,0,0,0,0,0,0,0,0,0,0,0,0,0,0,0,0,0,0,0,0,0,0,0,0,0,0,0,0,0,0,0,0,0,0,0,0,0,0,0,0,0,0,0,0,0,0,0,0,0,0,0,0,0
11016,Icy silkworm premature Gu,0,0,0,0,Infected with premature obedient Icy silkworm Gu。\nIcy silkworm Gu is jade green，walks as fast as the wind，with freezing poison，can spit out icy string，when the string enters the blood，the host will freeze to death，but body will not rot。\ncontinuously heal all internal damages on the host；Icy silkworm Gu will stay in the host for the rest of his life，when the host sustains internal damage over the HP，Icy silkworm will mature。,0,0,2,-1,11016,0,0,0,0,25,11017,AttackSkills.Wuxianjiao.BugEffect.BingCanGuGood,-5,500,0,0,0,0,0,0,0,0,0,0,0,0,0,0,0,0,0,0,0,0,0,0,0,0,0,0,20,0,0,0,0,0,0,0,0,0,0,0,0,0,0,0,0,0,0,0,0,0,0,0,0,0,0,0,0,0,0,0,0,0,0,0,0,0,0,0,0,0,0,0,0,0,0,0,0,0,0,0,0,0,0,0,0,0,0,0,0,0,0,0,0,0,0
11017,Icy silkworm premature Gu,0,0,0,0,Infected with premature Icy silkworm Gu。\nIcy silkworm Gu is jade green，walks as fast as the wind，with freezing poison，can spit out icy string，when the string enters the blood，the host will freeze to death，but body will not rot。\ncontinuously worsen all internal damages on the host；Icy silkworm Gu will stay in the host for the rest of his life，when the host sustains internal damage over the HP，Icy silkworm will mature。,0,0,2|2,-1,11016,0,0,0,0,25,11016,AttackSkills.Wuxianjiao.BugEffect.BingCanGuBad,-5,500,0,0,0,0,0,0,0,0,0,0,0,0,0,0,0,0,0,0,0,0,0,0,0,0,0,0,-20,0,0,0,0,0,0,0,0,0,0,0,0,0,0,0,0,0,0,0,0,0,0,0,0,0,0,0,0,0,0,0,0,0,0,0,0,0,0,0,0,0,0,0,0,0,0,0,0,0,0,0,0,0,0,0,0,0,0,0,0,0,0,0,0,0,0
11018,Icy silkworm matured Gu,0,0,0,0,Infected with Icy silkworm Gu。\nIcy silkworm Gu is jade green，walks as fast as the wind，with freezing poison，can spit out icy string，when the string enters the blood，the host will freeze to death，but body will not rot。\ncontinuously worsen all internal damages on the host。,0,0,2|2|2,-1,11016,0,0,0,0,0,11016|11017,AttackSkills.Wuxianjiao.BugEffect.BingCanGuBad,-20,2000,0,0,0,0,0,0,0,0,0,0,0,0,0,0,0,0,0,0,0,0,0,0,0,0,0,0,-100,0,0,0,0,0,0,0,0,0,0,0,0,0,0,0,0,0,0,0,0,0,0,0,0,0,0,0,0,0,0,0,0,0,0,0,0,0,0,0,0,0,0,0,0,0,0,0,0,0,0,0,0,0,0,0,0,0,0,0,0,0,0,0,0,0,0
11019,Golden silkworm premature Gu,0,0,0,0,Infected with premature obedient Golden silkworm Gu。\nGolden silkworm Gu it the king of all Gu，looks golden and great in size，extremely rare。Golden silkworm Gu’s poison is as violent as fire，resulting unsustainable pain。\nIt will swallow all other premature Gu on the host's body，and reduce the damage of the host on toxin body part everytime it swallows a Gu；Golden silkworm Gu will stay in the host for the rest of his life，when swallowing other Gu，Golden silkworm has a chance to mature。,0,2,0,-1,11019,0,0,0,0,25,11020,AttackSkills.Wuxianjiao.BugEffect.JinCanGuGood,-5,500,0,0,0,0,0,0,0,0,0,0,0,0,0,0,0,0,0,0,0,0,0,0,0,10,10,10,0,0,0,0,0,0,0,0,0,0,0,0,0,0,0,0,0,0,0,0,0,0,0,0,0,0,0,0,0,0,0,0,0,0,0,0,0,0,0,0,0,0,0,0,0,0,0,0,0,0,0,0,0,0,0,0,0,0,0,0,0,0,0,0,0,0,0
11020,Golden silkworm premature Gu,0,0,0,0,Infected with premature Golden silkworm Gu。\nGolden silkworm Gu it the king of all Gu，looks golden and great in size，extremely rare。Golden silkworm Gu’s poison is as violent as fire，resulting unsustainable pain。\nIt will swallow all other premature Gu on the host's body，and deals large amount of damage to toxin body part of the host everytime it swallows a Gu；Golden silkworm Gu will stay in the host for the rest of his life，when swallowing other Gu，Golden silkworm has a chance to mature。,0,2|2,0,-1,11019,0,0,0,0,25,11019,AttackSkills.Wuxianjiao.BugEffect.JinCanGuBad,-5,500,0,0,0,0,0,0,0,0,0,0,0,0,0,0,0,0,0,0,0,0,0,0,0,-10,-10,-10,0,0,0,0,0,0,0,0,0,0,0,0,0,0,0,0,0,0,0,0,0,0,0,0,0,0,0,0,0,0,0,0,0,0,0,0,0,0,0,0,0,0,0,0,0,0,0,0,0,0,0,0,0,0,0,0,0,0,0,0,0,0,0,0,0,0,0
11021,Golden silkworm matured Gu,0,0,0,0,Infected with Golden silkworm Gu。\nGolden silkworm Gu it the king of all Gu，looks golden and great in size，extremely rare。Golden silkworm Gu’s poison is as violent as fire，resulting unsustainable pain。\nIt will swallow all other premature Gu on the host's body，and deals large amount of damage to toxin body part of the host everytime it swallows a Gu。,0,2|2|2,0,-1,11019,0,0,0,0,0,11019|11020,AttackSkills.Wuxianjiao.BugEffect.JinCanGuBad,-20,2000,0,0,0,0,0,0,0,0,0,0,0,0,0,0,0,0,0,0,0,0,0,0,0,-50,-50,-50,0,0,0,0,0,0,0,0,0,0,0,0,0,0,0,0,0,0,0,0,0,0,0,0,0,0,0,0,0,0,0,0,0,0,0,0,0,0,0,0,0,0,0,0,0,0,0,0,0,0,0,0,0,0,0,0,0,0,0,0,0,0,0,0,0,0,0
11022,Azure marrow premature Gu,0,0,0,0,Infected with premature obedient Azure marrow Gu。\nAzure marrow Gu bred with countless other Gu，the colour cannot be named，the shape is not fixed，can fly and enter earth，like ghost or fairy，this Gu is extremely smart，can understand human lauguages。\nthe power of any skill of the host will increase，but the host will sustain damage to toxin body part；Azure marrow Gu will stay in the host for the rest of his life，it will enter the character of opposite gender and matures during sex。,2,2,2,-1,11022,0,0,0,0,25,11023,AttackSkills.Wuxianjiao.BugEffect.QingSuiGuGood,-5,500,0,0,0,0,0,0,0,0,0,0,0,0,0,0,0,0,0,0,0,0,0,0,0,0,0,0,10,10,10,0,0,0,0,0,0,0,0,0,0,0,0,0,0,0,0,0,0,0,0,0,0,0,0,0,0,0,0,0,0,0,0,0,0,0,0,0,0,0,0,0,0,0,0,0,0,0,0,0,0,0,0,0,0,0,0,0,0,0,0,0,0,0,0
11023,Azure marrow premature Gu,0,0,0,0,Infected with premature Azure marrow Gu。\nAzure marrow Gu bred with countless other Gu，the colour cannot be named，the shape is not fixed，can fly and enter earth，like ghost or fairy，this Gu is extremely smart，can understand human lauguages。\nthe power of any skill of the host will decrease，but the host will sustain damage to toxin body part；Azure marrow Gu will stay in the host for the rest of his life，it will enter the character of opposite gender and matures during sex。,2,2,2,-1,11022,0,0,0,0,25,11022,AttackSkills.Wuxianjiao.BugEffect.QingSuiGuBad,-5,500,0,0,0,0,0,0,0,0,0,0,0,0,0,0,0,0,0,0,0,0,0,0,0,0,0,0,-10,-10,-10,0,0,0,0,0,0,0,0,0,0,0,0,0,0,0,0,0,0,0,0,0,0,0,0,0,0,0,0,0,0,0,0,0,0,0,0,0,0,0,0,0,0,0,0,0,0,0,0,0,0,0,0,0,0,0,0,0,0,0,0,0,0,0,0
11024,Azure marrow matured Gu,0,0,0,0,Infected with Azure marrow Gu。\nAzure marrow Gu bred with countless other Gu，the colour cannot be named，the shape is not fixed，can fly and enter earth，like ghost or fairy，this Gu is extremely smart，can understand human lauguages。\nthe power of any skill of the host will decrease，but the host will sustain damage to toxin body part。,2,2,2,-1,11022,0,0,0,0,0,11022|11023,AttackSkills.Wuxianjiao.BugEffect.QingSuiGuBad,-20,2000,0,0,0,0,0,0,0,0,0,0,0,0,0,0,0,0,0,0,0,0,0,0,0,0,0,0,-50,-50,-50,0,0,0,0,0,0,0,0,0,0,0,0,0,0,0,0,0,0,0,0,0,0,0,0,0,0,0,0,0,0,0,0,0,0,0,0,0,0,0,0,0,0,0,0,0,0,0,0,0,0,0,0,0,0,0,0,0,0,0,0,0,0,0,0
12001,Eyes，ears pain,0,0,0,0,Sight and hearing severely damaged，can not consecutively resolve normal attacks more than 2 times、can not consecutively hit the enemy in a combo more than 2 times。This effect is removed，when all injuries on head are healed。,0,0,-3,-3,12001,0,0,0,0,0,0,AttackSkills.Xuehoujiao.BreakBodyEffect.HeadHurt,0,1000,0,0,0,0,0,0,0,0,0,0,0,0,0,0,0,0,0,0,0,0,0,0,0,0,0,0,0,0,0,0,0,0,0,0,0,-10,-10,-10,0,0,0,0,0,0,0,0,0,0,0,0,0,0,0,0,0,0,0,0,0,0,0,0,0,0,0,0,0,0,0,0,0,0,0,0,0,0,0,0,0,0,0,0,0,0,0,0,0,0,0,0,0,0,0
12002,Eyes，ears injured,0,0,0,0,Sight and hearing severely damaged，everytime resolves an enemy attack、or the attack is being resolved，head will suffer serious injury。This effect is removed，when all injuries on head are healed。,0,0,-3,-3,12002,0,0,0,0,0,0,AttackSkills.Xuehoujiao.BreakBodyEffect.HeadCrash,0,1000,0,0,0,0,0,0,0,0,0,0,0,0,0,0,0,0,0,0,0,0,0,0,0,0,0,0,0,0,0,0,0,0,0,0,0,-10,-10,-10,0,0,0,0,0,0,0,0,0,0,0,0,0,0,0,0,0,0,0,0,0,0,0,0,0,0,0,0,0,0,0,0,0,0,0,0,0,0,0,0,0,0,0,0,0,0,0,0,0,0,0,0,0,0,0
12003,Chest pain,0,0,0,0,Chest severely damaged，the inhale speed in battle can not exceed 1。This effect is removed，when all injuries on chest are healed。,0,-3,0,-3,12003,0,0,0,0,0,0,AttackSkills.Xuehoujiao.BreakBodyEffect.ChestHurt,0,1000,0,0,0,0,0,0,0,0,0,0,0,0,0,0,0,0,0,0,0,0,0,0,0,0,0,0,0,0,0,0,0,-20,0,0,0,0,0,0,0,0,0,0,0,0,0,0,0,0,0,0,0,0,0,0,0,0,0,0,0,0,0,0,0,0,0,0,0,0,0,0,0,0,0,0,0,0,0,0,0,0,0,0,0,0,0,0,0,0,0,0,0,0,0
12004,Chest injured,0,0,0,0,Chest severely damaged，everytime inhale in consumed，chest will suffer serious injury。This effect is removed，when all injuries on chest are healed。,0,-3,0,-3,12004,0,0,0,0,0,0,AttackSkills.Xuehoujiao.BreakBodyEffect.ChestCrash,0,1000,0,0,0,0,0,0,0,0,0,0,0,0,0,0,0,0,0,0,0,0,0,0,0,0,0,0,0,0,0,0,0,-20,0,0,0,0,0,0,0,0,0,0,0,0,0,0,0,0,0,0,0,0,0,0,0,0,0,0,0,0,0,0,0,0,0,0,0,0,0,0,0,0,0,0,0,0,0,0,0,0,0,0,0,0,0,0,0,0,0,0,0,0,0
12005,Waist pain,0,0,0,0,Waist severely damaged，the stance speed in battle can not exceed 1。This effect is removed，when all injuries on waist are healed。,-3,0,0,-3,12005,0,0,0,0,0,0,AttackSkills.Xuehoujiao.BreakBodyEffect.WaistHurt,0,1000,0,0,0,0,0,0,0,0,0,0,0,0,0,-50,0,0,0,0,0,0,0,0,0,0,0,0,0,0,0,0,0,0,-20,0,0,0,0,0,0,0,0,0,0,0,0,0,0,0,0,0,0,0,0,0,0,0,0,0,0,0,0,0,0,0,0,0,0,0,0,0,0,0,0,0,0,0,0,0,0,0,0,0,0,0,0,0,0,0,0,0,0,0,0
12006,Waist injured,0,0,0,0,Waist severely damaged，everytime stance is consumed，waist will suffer serious injury。This effect is removed，when all injuries on waist are healed。,-3,0,0,-3,12006,0,0,0,0,0,0,AttackSkills.Xuehoujiao.BreakBodyEffect.WaistCrash,0,1000,0,0,0,0,0,0,0,0,0,0,0,0,0,-50,0,0,0,0,0,0,0,0,0,0,0,0,0,0,0,0,0,0,-20,0,0,0,0,0,0,0,0,0,0,0,0,0,0,0,0,0,0,0,0,0,0,0,0,0,0,0,0,0,0,0,0,0,0,0,0,0,0,0,0,0,0,0,0,0,0,0,0,0,0,0,0,0,0,0,0,0,0,0,0
12007,Shoulder pain,0,0,0,0,Arms and shoulder severely damaged，can not maintain more than 6 styles。This effect is removed，when all injuries on arms are healed。,-3,0,0,-3,12007,0,0,0,0,0,0,AttackSkills.Xuehoujiao.BreakBodyEffect.ArmHurt,0,1000,0,0,0,0,0,0,0,0,0,0,0,0,0,0,0,0,0,0,0,0,0,0,0,0,0,0,0,0,0,0,0,0,0,-20,0,0,0,0,0,0,0,0,0,0,0,0,0,0,0,0,0,0,0,0,0,0,0,0,0,0,0,0,0,0,0,0,0,0,0,0,0,0,0,0,0,0,0,0,0,0,0,0,0,0,0,0,0,0,0,0,0,0,0
12008,Shoulder injured,0,0,0,0,Arms and shoulder severely damaged，everytime styles are consumed，arms will suffer serious injury，。This effect is removed，when all injuries on arms are healed。,-3,0,0,-3,12008,0,0,0,0,0,0,AttackSkills.Xuehoujiao.BreakBodyEffect.ArmCrash,0,1000,0,0,0,0,0,0,0,0,0,0,0,0,0,0,0,0,0,0,0,0,0,0,0,0,0,0,0,0,0,0,0,0,0,-20,0,0,0,0,0,0,0,0,0,0,0,0,0,0,0,0,0,0,0,0,0,0,0,0,0,0,0,0,0,0,0,0,0,0,0,0,0,0,0,0,0,0,0,0,0,0,0,0,0,0,0,0,0,0,0,0,0,0,0
12009,Heel pain,0,0,0,0,Legs and feet severely damaged，can not maintain more than 2 normal movement token、or 4 footwork movement tokens。This effect is removed，when all injuries on legs are healed。,0,-3,0,-3,12009,0,0,0,0,0,0,AttackSkills.Xuehoujiao.BreakBodyEffect.LegHurt,0,1000,0,0,0,0,0,0,0,0,0,0,0,0,0,0,0,0,0,0,0,0,0,0,0,0,0,0,0,0,0,0,0,0,0,0,-20,0,0,0,0,0,0,0,0,0,0,0,0,0,0,0,0,0,0,0,0,0,0,0,0,0,0,0,0,0,0,0,0,0,0,0,0,0,0,0,0,0,0,0,0,0,0,0,0,0,0,0,0,0,0,0,0,0,0
12010,Heel injured,0,0,0,0,Legs and feet severely damaged，everytime the character moves in battle，legs will suffer serious injury，。This effect is removed，when all injuries on legs are healed。,0,-3,0,-3,12010,0,0,0,0,0,0,AttackSkills.Xuehoujiao.BreakBodyEffect.LegCrash,0,1000,0,0,0,0,0,0,0,0,0,0,0,0,0,0,0,0,0,0,0,0,0,0,0,0,0,0,0,0,0,0,0,0,0,0,-20,0,0,0,0,0,0,0,0,0,0,0,0,0,0,0,0,0,0,0,0,0,0,0,0,0,0,0,0,0,0,0,0,0,0,0,0,0,0,0,0,0,0,0,0,0,0,0,0,0,0,0,0,0,0,0,0,0,0
