#,1,2,1001,101,801,802,803,804,805,806,807,808,809,810,815,816,817,819,811,820,821,812,818,813,1002,1003,201,301,401,501,502,601,602,701,711,712,713,721,731,741,751
0,0,1,None,0,0,0,9,9,0,0,0&0&0,,,0,0,0,0,0,0,0,0,0,0,0,0,0,0,0,0,0,0&0,0&0,0,0,0|0|0|0|0|0|0,0,10,0|0|0|0|0|0|0|0|0|0|0|0|0|0|0|0,0|0|0|0|0|0|0|0|0|0|0|0|0|0,0|0|0|0|0|0,0
1,5,1,Villager,0,0,0,9,9,0,0,0&0&0,,,0,0,0,0,0,-100,0,0,0,0,0,0,0,1,0,0,0,0&0,0&0,0,0,-50|-50|-50|-50|-50|-50|-50,0,10,0|0|0|0|0|0|0|0|0|0|0|0|0|0|0|0,0|0|0|0|0|0|0|0|0|0|0|0|0|0,0|0|0|0|0|0,0
99,1,9,Heir·Taiwu,0,0,0,9,9,0,0,0&0&0,,,0,0,0,0,0,-100,0,0,0,0,0,0,0,0,0,0,0,0&0,0&0,0,0,-50|-50|-50|-50|-50|-50|-50,0,10,0|0|0|0|0|0|0|0|0|0|0|0|0|0|0|0,0|0|0|0|0|0|0|0|0|0|0|0|0|0,0|0|0|0|0|0,0
2,0,1,Inferno,0,0,0,9,9,0,0,0&0&0,,,0,0,0,0,0,0,0,0,0,0,0,0,0,0,0,0,0,0&0,0&0,0,0,0|0|0|0|0|0|0,0,10,0|0|0|0|0|0|0|0|0|0|0|0|0|0|0|0,0|0|0|0|0|0|0|0|0|0|0|0|0|0,0|0|0|0|0|0,73601
3,0,2,DemonLord,0,0,0,9,9,0,0,0&0&0,,,0,0,0,0,0,0,0,0,0,0,0,0,0,0,0,0,0,0&0,0&0,0,0,0|0|0|0|0|0|0,0,10,0|0|0|0|0|0|0|0|0|0|0|0|0|0|0|0,0|0|0|0|0|0|0|0|0|0|0|0|0|0,0|0|0|0|0|0,73601
4,0,3,D·General,0,0,0,9,9,0,0,0&0&0,,,0,0,0,0,0,0,0,0,0,0,0,0,0,0,0,0,0,0&0,0&0,0,0,0|0|0|0|0|0|0,0,10,0|0|0|0|0|0|0|0|0|0|0|0|0|0|0|0,0|0|0|0|0|0|0|0|0|0|0|0|0|0,0|0|0|0|0|0,73601
5,0,4,Enormity,0,0,0,9,9,0,0,0&0&0,,,0,0,0,0,0,0,0,0,0,0,0,0,0,0,0,0,0,0&0,0&0,0,0,0|0|0|0|0|0|0,0,10,0|0|0|0|0|0|0|0|0|0|0|0|0|0|0|0,0|0|0|0|0|0|0|0|0|0|0|0|0|0,0|0|0|0|0|0,73601
6,0,5,Sinfulness,0,0,0,9,9,0,0,0&0&0,,,0,0,0,0,0,0,0,0,0,0,0,0,0,0,0,0,0,0&0,0&0,0,0,0|0|0|0|0|0|0,0,10,0|0|0|0|0|0|0|0|0|0|0|0|0|0|0|0,0|0|0|0|0|0|0|0|0|0|0|0|0|0,0|0|0|0|0|0,73601
7,0,6,Villain,0,0,0,9,9,0,0,0&0&0,,,0,0,0,0,0,0,0,0,0,0,0,0,0,0,0,0,0,0&0,0&0,0,0,0|0|0|0|0|0|0,0,10,0|0|0|0|0|0|0|0|0|0|0|0|0|0|0|0,0|0|0|0|0|0|0|0|0|0|0|0|0|0,0|0|0|0|0|0,73601
8,0,7,Evildoer,0,0,0,9,9,0,0,0&0&0,,,0,0,0,0,0,0,0,0,0,0,0,0,0,0,0,0,0,0&0,0&0,0,0,0|0|0|0|0|0|0,0,10,0|0|0|0|0|0|0|0|0|0|0|0|0|0|0|0,0|0|0|0|0|0|0|0|0|0|0|0|0|0,0|0|0|0|0|0,73601
9,0,8,Dishonor,0,0,0,9,9,0,0,0&0&0,,,0,0,0,0,0,0,0,0,0,0,0,0,0,0,0,0,0,0&0,0&0,0,0,0|0|0|0|0|0|0,0,10,0|0|0|0|0|0|0|0|0|0|0|0|0|0|0|0,0|0|0|0|0|0|0|0|0|0|0|0|0|0,0|0|0|0|0|0,73601
10,0,9,Bully,0,0,0,9,9,0,0,0&0&0,,,0,0,0,0,0,0,0,0,0,0,0,0,0,0,0,0,0,0&0,0&0,0,0,0|0|0|0|0|0|0,0,10,0|0|0|0|0|0|0|0|0|0|0|0|0|0|0|0,0|0|0|0|0|0|0|0|0|0|0|0|0|0,0|0|0|0|0|0,73601
51,0,1,Recluse,0,0,0,9,9,0,0,0&0&0,,,0,0,0,0,0,0,0,0,0,0,0,0,0,0,0,0,0,0&0,0&0,0,0,0|0|0|0|0|0|0,0,10,0|0|0|0|0|0|0|0|0|0|0|0|0|0|0|0,0|0|0|0|0|0|0|0|0|0|0|0|0|0,0|0|0|0|0|0,73601
52,0,2,Legendary,0,0,0,9,9,0,0,0&0&0,,,0,0,0,0,0,0,0,0,0,0,0,0,0,0,0,0,0,0&0,0&0,0,0,0|0|0|0|0|0|0,0,10,0|0|0|0|0|0|0|0|0|0|0|0|0|0|0|0,0|0|0|0|0|0|0|0|0|0|0|0|0|0,0|0|0|0|0|0,73601
53,0,3,Warrior,0,0,0,9,9,0,0,0&0&0,,,0,0,0,0,0,0,0,0,0,0,0,0,0,0,0,0,0,0&0,0&0,0,0,0|0|0|0|0|0|0,0,10,0|0|0|0|0|0|0|0|0|0|0|0|0|0|0|0,0|0|0|0|0|0|0|0|0|0|0|0|0|0,0|0|0|0|0|0,73601
54,0,4,Sergeant,0,0,0,9,9,0,0,0&0&0,,,0,0,0,0,0,0,0,0,0,0,0,0,0,0,0,0,0,0&0,0&0,0,0,0|0|0|0|0|0|0,0,10,0|0|0|0|0|0|0|0|0|0|0|0|0|0|0|0,0|0|0|0|0|0|0|0|0|0|0|0|0|0,0|0|0|0|0|0,73601
55,0,5,Guardian,0,0,0,9,9,0,0,0&0&0,,,0,0,0,0,0,0,0,0,0,0,0,0,0,0,0,0,0,0&0,0&0,0,0,0|0|0|0|0|0|0,0,10,0|0|0|0|0|0|0|0|0|0|0|0|0|0|0|0,0|0|0|0|0|0|0|0|0|0|0|0|0|0,0|0|0|0|0|0,73601
56,0,6,Escort,0,0,0,9,9,0,0,0&0&0,,,0,0,0,0,0,0,0,0,0,0,0,0,0,0,0,0,0,0&0,0&0,0,0,0|0|0|0|0|0|0,0,10,0|0|0|0|0|0|0|0|0|0|0|0|0|0|0|0,0|0|0|0|0|0|0|0|0|0|0|0|0|0,0|0|0|0|0|0,73601
57,0,7,Chivalrous,0,0,0,9,9,0,0,0&0&0,,,0,0,0,0,0,0,0,0,0,0,0,0,0,0,0,0,0,0&0,0&0,0,0,0|0|0|0|0|0|0,0,10,0|0|0|0|0|0|0|0|0|0|0|0|0|0|0|0,0|0|0|0|0|0|0|0|0|0|0|0|0|0,0|0|0|0|0|0,73601
58,0,8,J·Warrior,0,0,0,9,9,0,0,0&0&0,,,0,0,0,0,0,0,0,0,0,0,0,0,0,0,0,0,0,0&0,0&0,0,0,0|0|0|0|0|0|0,0,10,0|0|0|0|0|0|0|0|0|0|0|0|0|0|0|0,0|0|0|0|0|0|0|0|0|0|0|0|0|0,0|0|0|0|0|0,73601
59,0,9,Righteous,0,0,0,9,9,0,0,0&0&0,,,0,0,0,0,0,0,0,0,0,0,0,0,0,0,0,0,0,0&0,0&0,0,0,0|0|0|0|0|0|0,0,10,0|0|0|0|0|0|0|0|0|0|0|0|0|0|0|0,0|0|0|0|0|0|0|0|0|0|0|0|0|0,0|0|0|0|0|0,73601
61,0,1,The·NL,0,0,0,9,9,0,0,0&0&0,,,0,0,0,0,0,0,0,0,0,0,0,0,0,0,6008|6008|6007|6007,0,0,0&0,0&0,0,0,0|0|0|0|0|0|0,0,10,0|0|0|0|0|0|0|0|0|0|0|0|0|0|0|0,0|0|0|0|0|0|0|0|0|0|0|0|0|0,0|0|0|0|0|0,73601
62,0,2,God·S,0,0,0,9,9,0,0,0&0&0,,,0,0,0,0,0,0,0,0,0,0,0,0,0,0,6007|6007|6006|6006,0,0,0&0,0&0,0,0,0|0|0|0|0|0|0,0,10,0|0|0|0|0|0|0|0|0|0|0|0|0|0|0|0,0|0|0|0|0|0|0|0|0|0|0|0|0|0,0|0|0|0|0|0,73601
63,0,3,The·C,0,0,0,9,9,0,0,0&0&0,,,0,0,0,0,0,0,0,0,0,0,0,0,0,0,6006|6006|6005|6005,0,0,0&0,0&0,0,0,0|0|0|0|0|0|0,0,10,0|0|0|0|0|0|0|0|0|0|0|0|0|0|0|0,0|0|0|0|0|0|0|0|0|0|0|0|0|0,0|0|0|0|0|0,73601
64,0,4,The·FN,0,0,0,9,9,0,0,0&0&0,,,0,0,0,0,0,0,0,0,0,0,0,0,0,0,6005|6004|6004,0,0,0&0,0&0,0,0,0|0|0|0|0|0|0,0,10,0|0|0|0|0|0|0|0|0|0|0|0|0|0|0|0,0|0|0|0|0|0|0|0|0|0|0|0|0|0,0|0|0|0|0|0,73601
65,0,5,A·Sinster,0,0,0,9,9,0,0,0&0&0,,,0,0,0,0,0,0,0,0,0,0,0,0,0,0,6004|6003|6003,0,0,0&0,0&0,0,0,0|0|0|0|0|0|0,0,10,0|0|0|0|0|0|0|0|0|0|0|0|0|0|0|0,0|0|0|0|0|0|0|0|0|0|0|0|0|0,0|0|0|0|0|0,73601
66,0,6,EvilUprise,0,0,0,9,9,0,0,0&0&0,,,0,0,0,0,0,0,0,0,0,0,0,0,0,0,6003|6002|6002,0,0,0&0,0&0,0,0,0|0|0|0|0|0|0,0,10,0|0|0|0|0|0|0|0|0|0|0|0|0|0|0|0,0|0|0|0|0|0|0|0|0|0|0|0|0|0,0|0|0|0|0|0,73601
67,0,7,FoulVisage,0,0,0,9,9,0,0,0&0&0,,,0,0,0,0,0,0,0,0,0,0,0,0,0,0,6002|6001,0,0,0&0,0&0,0,0,0|0|0|0|0|0|0,0,10,0|0|0|0|0|0|0|0|0|0|0|0|0|0|0|0,0|0|0|0|0|0|0|0|0|0|0|0|0|0,0|0|0|0|0|0,73601
68,0,8,Demoniac,0,0,0,9,9,0,0,0&0&0,,,0,0,0,0,0,0,0,0,0,0,0,0,0,0,6001,0,0,0&0,0&0,0,0,0|0|0|0|0|0|0,0,10,0|0|0|0|0|0|0|0|0|0|0|0|0|0|0|0,0|0|0|0|0|0|0|0|0|0|0|0|0|0,0|0|0|0|0|0,73601
69,0,9,Corrupted,0,0,0,9,9,0,0,0&0&0,,,0,0,0,0,0,0,0,0,0,0,0,0,0,0,0,0,0,0&0,0&0,0,0,0|0|0|0|0|0|0,0,10,0|0|0|0|0|0|0|0|0|0|0|0|0|0|0|0,0|0|0|0|0|0|0|0|0|0|0|0|0|0,0|0|0|0|0|0,73601
101,1,1,Chief·A,1,0,0,0,2,0,0,0&100&1,Zen·M,Zen·M,7100,450,450,18,50,0,0,0,901000001,932300002,0,0,0,0,7101|7101|7101|7101,50,1,100107&3|100113&3|100125&3|200085&3|400118&1,101&9|10101&6|20101&9|30101&8|40101&6|90101&9,28,300,-50|-50|-50|-50|0|-50|1000,1600,10,0|90|0|0|0|0|0|0|90|0|0|0|-60|120|0|-60,120|60|120|120|60|0|0|0|0|120|0|0|-60|0,90|90|0|0|0|120,73607
102,3,2,Elder·A,1,0,0,0,2,0,0,0&100&1,Zen·M,Zen·M,5100,360,360,15,40,0,0,0,901000001,932300002,0,0,0,0,7102|7102|7102|7102,45,2,100107&3|100113&3|100125&3|200085&3|400118&1,101&8|10101&6|20101&8|30101&7|40101&6|90101&8,26,260,-50|-50|-50|-50|0|-50|800,1400,10,0|75|0|0|0|0|0|0|75|0|0|0|-60|100|0|-60,100|50|100|100|50|0|0|0|0|100|0|0|-60|0,75|75|0|0|0|100,73607
103,6,3,Abbot,1,0,0,0,3,0,0,0&100&1,Zen·M,Zen·M,3600,280,280,12,40,0,0,0,901000001,932300002,0,0,0,0,7103|7103|7103|7103,40,3,100107&3|100113&3|100125&3|200085&3|400118&1,101&7|10101&5|20101&7|30101&7|40101&5|90101&7,23,220,-50|-50|-50|-50|0|-50|600,1200,10,0|65|0|0|0|0|0|0|65|0|0|0|-60|85|0|-60,85|45|85|85|45|0|0|0|0|85|0|0|-60|0,65|65|0|0|0|85,73607
104,18,4,18·Arhats,1,0,0,0,4,1,1,0&100&1,,,1800,210,210,9,30,0,0,0,0,932300002,0,0,0,0,7104|7104|7104,35,4,100107&3|100113&3|100125&3|200085&3|400118&1,101&6|10101&5|20101&6|30101&6|40101&5|90101&6,20,180,-50|-50|-50|-50|0|-50|400,1000,10,0|55|0|0|0|0|0|0|55|0|0|0|-60|70|0|-60,70|40|70|70|40|0|0|0|0|70|0|0|-60|0,55|55|0|0|0|70,73604
105,5,5,Observer,1,0,0,0,5,2,1,0&100&1,,,1200,150,150,6,30,0,0,0,0,932300002,0,0,0,1,7105|7105|7105,30,5,100107&3|100113&3|100125&3|200085&3|400118&1,101&5|10101&4|20101&5|30101&5|90101&5,14,140,-50|-50|-50|-50|0|-50|200,800,10,0|45|0|0|0|0|0|0|45|0|0|0|-60|60|0|-60,60|35|60|60|35|0|0|0|0|60|0|0|-60|0,45|45|0|0|0|60,73604
106,6,6,BodhiHall,1,0,0,0,6,3,2,0&100&1,,,800,100,100,3,20,0,0,0,0,932300002,0,0,0,1,7106|7106|7106,20,6,100107&3|100113&3|100125&3|200085&3|400118&1,101&4|10101&4|20101&4|40101&4|90101&4,12,100,-50|-50|-50|-50|0|-50|0,600,10,0|40|0|0|0|0|0|0|40|0|0|0|-60|50|0|-60,50|30|50|50|30|0|0|0|0|50|0|0|-60|0,40|40|0|0|0|50,73704
107,8,7,Prajna·H,1,0,0,0,7,3,2,0&100&1,,,300,60,60,1,20,0,0,0,0,932300002,0,0,0,1,7107|7107|7107,20,7,0&0|200085&3|400118&1,101&3|10101&3|20101&3|30101&3,7,60,-50|-50|-50|-50|0|-50|0,400,10,0|35|0|0|0|0|0|0|35|0|0|0|-60|45|0|-60,45|25|45|45|25|0|0|0|0|45|0|0|-60|0,35|35|0|0|0|45,73704
108,10,8,ArhatHall,1,0,0,0,8,3,2,0&100&1,,,200,30,30,0,20,0,0,0,0,932300002,0,0,0,1,7107|7107,20,8,0&0|200085&3|400118&1,101&2|10101&2|20101&2|30101&2|90101&2,6,20,-50|-50|-50|-50|0|-50|0,200,10,0|30|0|0|0|0|0|0|30|0|0|0|-60|40|0|-60,40|20|40|40|20|0|0|0|0|40|0|0|-60|0,30|30|0|0|0|40,73704
109,8,9,Bhikkhu,1,0,0,0,9,3,3,0&100&1,,,100,10,10,0,10,0,0,0,0,932300002,0,0,0,1,7107,10,9,0&0|200085&3|400118&1,101&1|10101&1|90101&1,2,0,-50|-50|-50|-50|0|-50|0,0,10,0|25|0|0|0|0|0|0|25|0|0|0|-60|35|0|-60,35|15|35|35|15|0|0|0|0|35|0|0|-60|0,25|25|0|0|0|35,73704
201,1,1,S·Master,0,0,2,5,2,0,0,1&50&1,Master,SeniorNun,7100,450,450,18,50,0,0,0,901000002,901000006,932300001|932300002,Sir·M,Madame·M,0,7201|7201|7201|7201,30,10,10401&1|100101&3|100119&3|100125&3|100137&3|200043&3|400127&1,201&8|10201&7|20201&9|30201&7|40201&8|70201&7|100201&8,32,180,800|0|0|0|0|600|700,4500,15,0|0|0|0|0|0|0|0|60|0|0|0|90|90|90|0,120|90|120|90|120|0|0|90|0|0|120|0|0|0,0|-60|120|90|90|90,73903
202,5,2,Master,0,0,0,6,2,0,0,1&50&1,Master,SeniorNun,5100,360,360,15,40,0,0,0,901000002,901000006,932300001|932300002,0,0,1,7202|7202|7202|7202,35,11,10401&1|100101&3|100119&3|100125&3|100137&3|200043&3|400127&1,201&8|10201&6|20201&8|30201&7|40201&7|70201&7|100201&7,30,140,600|0|0|0|0|400|550,4000,15,0|0|0|0|0|0|0|0|50|0|0|0|75|75|75|0,100|75|100|75|100|0|0|75|0|0|100|0|0|0,0|-60|100|75|75|75,73903
203,1,3,Head·D,0,0,0,7,4,1,1,1&50&1,Master,SeniorNun,3600,280,280,12,40,0,0,0,901000002,901000006,932300001|932300002,0,0,0,7203|7203|7203|7203,20,12,10401&1|100101&3|100119&3|100125&3|100137&3|200043&3|400127&1,201&7|10201&6|20201&7|30201&6|40201&7|70201&6|100201&7,28,100,400|0|0|0|0|200|400,3500,15,0|0|0|0|0|0|0|0|45|0|0|0|65|65|65|0,85|65|85|65|85|0|0|65|0|0|85|0|0|0,0|-60|85|65|65|65,73903
204,4,4,Direct·D,0,0,0,7,4,1,1,1&50&1,,,1800,210,210,9,30,0,0,0,0,901000006,932300001|932300002,0,0,1,7204|7204|7204,20,13,10401&1|100101&3|100119&3|100125&3|100137&3|200043&3|400127&1,201&6|10201&5|20201&6|30201&6|40201&6|70201&6|100201&6,25,60,300|0|0|0|0|100|250,3000,15,0|0|0|0|0|0|0|0|40|0|0|0|55|55|55|0,70|55|70|55|70|0|0|55|0|0|70|0|0|0,0|-60|70|55|55|55,73803
205,8,5,Lineal·D,0,0,0,8,5,2,1,1&50&1,,,1200,150,150,6,30,0,0,0,0,901000006,932300001|932300002,0,0,1,7205|7205|7205,20,14,10401&1|100101&3|100119&3|100125&3|100137&3|200043&3|400127&1,201&5|10201&5|20201&5|40201&5|70201&5|100201&5,18,20,200|0|0|0|0|0|150,2500,15,0|0|0|0|0|0|0|0|35|0|0|0|45|45|45|0,60|45|60|45|60|0|0|45|0|0|60|0|0|0,0|-60|60|45|45|45,73803
206,8,6,Formal·N,0,0,0,8,6,2,1,1&50&1,,,800,100,100,3,20,0,0,0,0,901000006,932300001|932300002,0,0,1,7206|7206|7206,20,15,10401&1|100101&3|100125&3|100137&3|200043&3|400127&1,201&4|10201&4|20201&4|30201&4|70201&4|100201&4,14,0,100|0|0|0|0|0|50,2000,15,0|0|0|0|0|0|0|0|30|0|0|0|40|40|40|0,50|40|50|40|50|0|0|40|0|0|50|0|0|0,0|-60|50|40|40|40,73803
207,10,7,Novice,0,0,0,9,7,3,2,1&50&1,,,300,60,60,1,20,0,0,0,0,901000006,932300001|932300002,0,0,1,7207|7207|7207,10,16,0&0|100101&3|200043&3|400127&1,201&3|10201&3|20201&3|40201&3|70201&3|100201&3,11,0,0|0|0|0|0|0|0,1500,15,0|0|0|0|0|0|0|0|25|0|0|0|35|35|35|0,45|35|45|35|45|0|0|35|0|0|45|0|0|0,0|-60|45|35|35|35,73803
208,10,8,Formal·A,0,0,0,9,8,4,3,1&50&1,,,200,30,30,0,20,0,0,0,0,901000006,932300001|932300002,0,0,1,7207|7207,10,17,0&0|100101&3|200043&3|400127&1,201&2|10201&2|20201&2|30201&2|70201&2,6,0,0|0|0|0|0|0|0,1000,15,0|0|0|0|0|0|0|0|20|0|0|0|30|30|30|0,40|30|40|30|40|0|0|30|0|0|40|0|0|0,0|-60|40|30|30|30,73803
209,8,9,Audience,0,0,0,9,9,5,3,1&50&1,,,100,10,10,0,10,0,0,0,0,901000006,932300001|932300002,0,0,1,7207,10,18,0&0|100101&3|200043&3|400127&1,201&1|10201&1|70201&1,2,0,0|0|0|0|0|0|0,500,15,0|0|0|0|0|0|0|0|15|0|0|0|25|25|25|0,35|25|35|25|35|0|0|25|0|0|35|0|0|0,0|-60|35|25|25|25,73803
301,1,1,Valley·L,0,0,2,5,2,0,0,0&0&0,,,7100,450,450,18,50,0,0,0,901000003|901300006|901300010,901000006,931900001|932900001|932200003,Sir·VL,Madame·VL,0,7301|7301|7301|7301,35,19,10301&1|10501&1|100001&3|100010&3|100101&3|100113&3|100131&3|200127&3,301&5|10301&8|20301&9|40301&9|120301&9|130301&7,28,260,0|0|0|0|1200|400|700,2700,15,90|0|0|120|0|0|-60|0|120|0|120|0|0|0|0|0,60|120|120|0|120|-60|0|0|-60|0|0|0|120|90,-60|0|120|0|120|90,73902
302,4,2,CaseHolder,0,0,0,6,2,0,0,0&0&0,,,5100,360,360,15,40,0,0,0,901000003|901300006|901300010,901000006,931900001|932900001|932200003,0,0,1,7302|7302|7302|7302,25,20,10301&1|10501&1|100001&3|100010&3|100101&3|100113&3|100131&3|200127&3,301&5|10301&7|20301&8|40301&8|120301&8|130301&6,25,220,0|0|0|0|1000|250|550,2400,15,75|0|0|100|0|0|-60|0|100|0|100|0|0|0|0|0,50|100|100|0|100|-60|0|0|-60|0|0|0|100|75,-60|0|100|0|100|75,73902
303,4,3,DeerEnvoy,0,0,0,7,3,1,0,0&0&0,,,3600,280,280,12,40,0,0,0,901000003|901300006|901300010,901000006,931900001|932900001|932200003,0,0,1,7303|7303|7303|7303,25,21,10301&1|10501&1|100001&3|100010&3|100101&3|100113&3|100131&3|200127&3,301&5|10301&7|20301&7|40301&7|120301&7|130301&6,23,180,0|0|0|0|800|100|400,2100,15,65|0|0|85|0|0|-60|0|85|0|85|0|0|0|0|0,45|85|85|0|85|-60|0|0|-60|0|0|0|85|65,-60|0|85|0|85|65,73902
304,4,4,GoodHand,0,0,0,8,4,1,0,0&0&0,,,1800,210,210,9,30,0,0,0,901300006|901300010,901000006,931900001|932900001|932200003,0,0,1,7304|7304|7304,20,22,10301&1|10501&1|100001&3|100010&3|100101&3|100113&3|100131&3|200127&3,301&4|10301&6|20301&6|40301&6|120301&6|130301&5,20,140,0|0|0|0|600|50|250,1800,15,55|0|0|70|0|0|-60|0|70|0|70|0|0|0|0|0,40|70|70|0|70|-60|0|0|-60|0|0|0|70|55,-60|0|70|0|70|55,73802
305,4,5,RedCase·D,0,0,0,9,5,2,0,0&0&0,,,1200,150,150,6,30,0,0,0,901300006|901300010,901000006,931900001|932900001|932200003,0,0,1,7305|7305|7305,20,23,10301&1|10501&1|100001&3|100010&3|100101&3|100113&3|100131&3|200127&3,301&4|10301&5|20301&5|40301&5|120301&5,14,100,0|0|0|0|400|0|100,1500,15,45|0|0|60|0|0|-60|0|60|0|60|0|0|0|0|0,35|60|60|0|60|-60|0|0|-60|0|0|0|60|45,-60|0|60|0|60|45,73802
306,5,6,Jade·CD,0,0,0,9,6,2,0,0&0&0,,,800,100,100,3,20,0,0,0,901300006|901300010,901000006,931900001|932900001|932200003,0,0,1,7306|7306|7306,20,24,10301&1|10501&1|100001&3|100010&3|100101&3|100113&3|200127&3,301&3|10301&4|20301&4|40301&4|120301&4,11,60,0|0|0|0|300|0|80,1200,15,40|0|0|50|0|0|-60|0|50|0|50|0|0|0|0|0,30|50|50|0|50|-60|0|0|-60|0|0|0|50|40,-60|0|50|0|50|40,73802
307,5,7,Gold·CD,0,0,0,9,7,2,0,0&0&0,,,300,60,60,1,20,0,0,0,901300006|901300010,901000006,931900001|932900001|932200003,0,0,1,7307|7307|7307,10,25,10301&1|10501&1|100001&3|100101&3|100113&3|200127&3,301&3|10301&3|20301&3|40301&3|120301&3,9,20,0|0|0|0|200|0|60,900,15,35|0|0|45|0|0|-60|0|45|0|45|0|0|0|0|0,25|45|45|0|45|-60|0|0|-60|0|0|0|45|35,-60|0|45|0|45|35,73802
308,5,8,Flower·CD,0,0,0,9,8,2,0,0&0&0,,,200,30,30,0,20,0,0,0,901300006|901300010,901000006,931900001|932900001|932200003,0,0,1,7307|7307,10,26,10301&1|100101&3|100113&3|200127&3,301&2|10301&2|20301&2|40301&2|120301&2,6,0,0|0|0|0|100|0|40,600,15,30|0|0|40|0|0|-60|0|40|0|40|0|0|0|0|0,20|40|40|0|40|-60|0|0|-60|0|0|0|40|30,-60|0|40|0|40|30,73802
309,8,9,Deerherd,0,0,0,9,9,3,0,0&0&0,,,100,10,10,0,10,0,0,0,901300006|901300010,901000006,931900001|932900001|932200003,0,0,1,7307,10,27,0&0|200127&3,301&1|10301&1|40301&1,2,0,0|0|0|0|0|-50|-50,300,15,25|0|0|35|0|0|-60|0|35|0|35|0|0|0|0|0,15|35|35|0|35|-60|0|0|-60|0|0|0|35|25,-60|0|35|0|35|25,73802
401,1,1,S·Leader,0,0,3,5,4,0,0,2&50&0,Pure·One,Pure·One,7100,450,450,18,50,0,0,0,901000004,901000006,932300001|931900003,Sir·M,Madame·M,0,7401|7401|7401|7401,35,28,100101&3|100119&3|100125&3|100143&3|200085&3|400109&1,401&8|10401&7|20401&8|30401&9|70401&9|110401&8,29,280,200|200|200|200|200|400|850,3600,15,0|0|120|0|0|0|0|0|0|0|0|0|120|-60|0|0,120|90|120|120|0|0|-60|120|0|0|0|120|0|0,0|0|90|120|0|90,73901
402,1,2,V·Leader,0,0,3,6,4,1,1,2&50&0,T·Priest,T·Priest,5100,360,360,15,40,0,0,0,901000004,901000006,932300001|931900003,Sir·VL,Miss·VL,0,7402|7402|7402|7402,30,29,100101&3|100119&3|100125&3|100143&3|200085&3|400109&1,401&8|10401&6|20401&7|30401&8|70401&8|110401&7,26,240,150|150|150|150|150|300|650,3200,15,0|0|100|0|0|0|0|0|0|0|0|0|100|-60|0|0,100|75|100|100|0|0|-60|100|0|0|0|100|0|0,0|0|75|100|0|75,73901
403,4,3,Head·D,0,0,0,7,4,1,2,2&50&0,T·Priest,T·Priest,3600,280,280,12,40,0,0,0,901000004,901000006,932300001|931900003,0,0,1,7403|7403|7403|7403,25,30,100101&3|100119&3|100125&3|100143&3|200085&3|400109&1,401&7|10401&6|20401&7|30401&7|70401&7|110401&7,25,200,100|100|100|100|100|200|450,2800,15,0|0|85|0|0|0|0|0|0|0|0|0|85|-60|0|0,85|65|85|85|0|0|-60|85|0|0|0|85|0|0,0|0|65|85|0|65,73901
404,8,4,Direct·D,0,0,0,7,4,1,2,2&50&0,,,1800,210,210,9,30,0,0,0,0,901000006,932300001|931900003,0,0,1,7404|7404|7404,20,31,100101&3|100119&3|100125&3|100143&3|200085&3|400109&1,401&6|10401&6|20401&6|30401&6|70401&6|110401&6,22,160,80|80|80|80|80|100|300,2400,15,0|0|70|0|0|0|0|0|0|0|0|0|70|-60|0|0,70|55|70|70|0|0|-60|70|0|0|0|70|0|0,0|0|55|70|0|55,73801
405,10,5,ZhenWu·D,0,0,0,8,5,2,3,2&50&0,,,1200,150,150,6,30,0,0,0,0,901000006,932300001|931900003,0,0,1,7405|7405|7405,20,32,100101&3|100119&3|100125&3|200085&3|400109&1,401&5|10401&5|20401&5|30401&5|70401&5,15,120,60|60|60|60|60|0|150,2000,15,0|0|60|0|0|0|0|0|0|0|0|0|60|-60|0|0,60|45|60|60|0|0|-60|60|0|0|0|60|0|0,0|0|45|60|0|45,73801
406,10,6,Cloud·D,0,0,0,8,6,3,3,2&50&0,,,800,100,100,3,20,0,0,0,0,901000006,932300001|931900003,0,0,1,7406|7406|7406,20,33,100101&3|100119&3|100125&3|200085&3|400109&1,401&4|10401&4|20401&4|30401&4|70401&4,12,80,40|40|40|40|40|0|100,1600,15,0|0|50|0|0|0|0|0|0|0|0|0|50|-60|0|0,50|40|50|50|0|0|-60|50|0|0|0|50|0|0,0|0|40|50|0|40,73801
407,10,7,TaiHe·D,0,0,0,9,7,4,3,2&50&0,,,300,60,60,1,20,0,0,0,0,901000006,932300001|931900003,0,0,1,7407|7407|7407,10,34,100101&3|100125&3|200085&3|400109&1,401&3|10401&3|20401&3|30401&3|70401&3,9,40,20|20|20|20|20|0|50,1200,15,0|0|45|0|0|0|0|0|0|0|0|0|45|-60|0|0,45|35|45|45|0|0|-60|45|0|0|0|45|0|0,0|0|35|45|0|35,73801
408,8,8,Guide·P,0,0,0,9,8,4,4,2&50&0,,,200,30,30,0,20,0,0,0,0,901000006,932300001|931900003,0,0,1,7407|7407,10,35,100101&3|200085&3|400109&1,401&2|10401&2|20401&2|30401&2,5,0,0|0|0|0|0|0|0,800,15,0|0|40|0|0|0|0|0|0|0|0|0|40|-60|0|0,40|30|40|40|0|0|-60|40|0|0|0|40|0|0,0|0|30|40|0|30,73801
409,8,9,Amateur,0,0,0,9,9,4,4,2&50&0,,,100,10,10,0,10,0,0,0,0,901000006,932300001|931900003,0,0,1,7407,10,36,100101&3|200085&3|400109&1,401&1|10401&1|30401&1,2,0,0|0|0|0|0|0|0,400,15,0|0|35|0|0|0|0|0|0|0|0|0|35|-60|0|0,35|25|35|35|0|0|-60|35|0|0|0|35|0|0,0|0|25|35|0|25,73801
501,1,1,G·Master,0,0,2,5,2,0,0,0&0&0,,,7100,450,450,18,50,0,0,0,901000005,901000006,932300001|932300002|932900001|932900002,Sir·GM,Madame·GM,0,7501|7501|7501|7501,50,37,100101&3|100113&3|100125&3,501&5|10501&4|20501&7|70501&8|80501&8|50501&9,25,320,-75|-75|-75|-75|-50|-75|1200,1800,10,0|0|0|0|0|-60|0|0|60|60|0|0|60|60|-60|0,60|60|90|0|0|120|0|120|120|0|-60|0|0|-60,90|120|-60|0|-60|90,73904
502,6,2,Master,0,0,0,6,2,0,0,0&0&0,,,5100,360,360,15,40,0,0,0,901000005,901000006,932300001|932300002|932900001|932900002,0,0,0,7502|7502|7502|7502,45,38,100101&3|100113&3|100125&3,501&5|10501&4|20501&7|70501&7|80501&7|50501&8,23,280,-75|-75|-75|-75|-50|-75|1000,1600,10,0|0|0|0|0|-60|0|0|50|50|0|0|50|50|-60|0,50|50|75|0|0|100|0|100|100|0|-60|0|0|-60,75|100|-60|0|-60|75,73904
503,6,3,Exorciser,0,0,0,7,3,1,0,0&0&0,,,3600,280,280,12,40,0,0,0,901000005,901000006,932300001|932300002|932900001|932900002,0,0,1,7503|7503|7503|7503,40,39,100101&3|100113&3|100125&3,501&4|10501&4|20501&6|70501&7|80501&7|50501&7,21,240,-75|-75|-75|-75|-50|-75|800,1400,10,0|0|0|0|0|-60|0|0|45|45|0|0|45|45|-60|0,45|45|65|0|0|85|0|85|85|0|-60|0|0|-60,65|85|-60|0|-60|65,73904
504,6,4,Preacher,0,0,0,8,4,2,0,0&0&0,,,1800,210,210,9,30,0,0,0,0,901000006,932300001|932300002|932900001|932900002,0,0,1,7504|7504|7504,35,40,100101&3|100113&3|100125&3,501&4|10501&3|20501&6|70501&6|80501&6|50501&6,19,200,-75|-75|-75|-75|-50|-75|500,1200,10,0|0|0|0|0|-60|0|0|40|40|0|0|40|40|-60|0,40|40|55|0|0|70|0|70|70|0|-60|0|0|-60,55|70|-60|0|-60|55,73804
505,6,5,Friar,0,0,0,8,5,2,0,0&0&0,,,1200,150,150,6,30,0,0,0,0,901000006,932300001|932300002|932900001|932900002,0,0,1,7505|7505|7505,30,41,100101&3|100113&3,501&4|10501&3|20501&5|70501&5|80501&5|50501&5,16,160,-75|-75|-75|-75|-50|-75|300,1000,10,0|0|0|0|0|-60|0|0|35|35|0|0|35|35|-60|0,35|35|45|0|0|60|0|60|60|0|-60|0|0|-60,45|60|-60|0|-60|45,73804
506,9,6,Vanguard,0,0,0,9,6,4,0,0&0&0,,,800,100,100,3,20,0,0,0,0,901000006,932300001|932300002|932900001|932900002,0,0,1,7506|7506|7506,20,42,100101&3|100113&3,501&3|10501&3|20501&4|70501&4|80501&4,11,120,-75|-75|-75|-75|-50|-75|200,800,10,0|0|0|0|0|-60|0|0|30|30|0|0|30|30|-60|0,30|30|40|0|0|50|0|50|50|0|-60|0|0|-60,40|50|-60|0|-60|40,73804
507,10,7,Guard,0,0,0,9,7,5,0,0&0&0,,,300,60,60,1,20,0,0,0,0,901000006,932300001|932300002|932900001|932900002,0,0,1,7507|7507|7507,20,43,100101&3,501&3|10501&2|20501&3|70501&3|80501&3,8,80,-75|-75|-75|-75|-50|-75|150,600,10,0|0|0|0|0|-60|0|0|25|25|0|0|25|25|-60|0,25|25|35|0|0|45|0|45|45|0|-60|0|0|-60,35|45|-60|0|-60|35,73804
508,12,8,Novice,0,0,0,9,8,5,0,0&0&0,,,200,30,30,0,20,0,0,0,0,901000006,932300001|932300002|932900001|932900002,0,0,1,7507|7507,20,44,100101&3,501&2|10501&2|20501&2|70501&2|80501&2,6,40,-75|-75|-75|-75|-50|-75|100,400,10,0|0|0|0|0|-60|0|0|20|20|0|0|20|20|-60|0,20|20|30|0|0|40|0|40|40|0|-60|0|0|-60,30|40|-60|0|-60|30,73804
509,14,9,Follower,0,0,0,9,9,5,0,0&0&0,,,100,10,10,0,10,0,0,0,0,901000006,932300001|932300002|932900001|932900002,0,0,1,7507,10,45,0&0,501&1|10501&1|50501&1,2,0,-75|-75|-75|-75|-50|-75|50,200,10,0|0|0|0|0|-60|0|0|15|15|0|0|15|15|-60|0,15|15|25|0|0|35|0|35|35|0|-60|0|0|-60,25|35|-60|0|-60|25,73804
601,1,1,GreatAlpha,0,1209,3,6,3,0,0,0&0&0,,,7100,450,450,18,0,0,0,0,901100001,0,0,Sir·Alpha,Madame·A,0,7601|7601|7601|7601,35,46,100101&3|100113&3|100125&3|100143&3|200043&3|100501&3,601&4|10601&4|20601&6|30601&9|80601&9|90601&8,24,0,0|0|600|0|0|1200|600,6300,20,-60|-60|-60|-60|0|0|0|0|0|-60|0|0|0|0|0|90,60|60|60|120|0|0|-60|-60|120|120|0|0|-60|-60,120|120|0|-60|-60|0,73708
602,1,2,GreatBeta,0,0,3,6,4,0,0,0&0&0,,,5100,360,360,15,0,0,0,0,901100001,0,0,Sir·Beta,Madame·B,0,7602|7602|7602|7602,35,47,100101&3|100113&3|100125&3|100143&3|200043&3|100501&3,601&4|10601&4|20601&6|30601&8|80601&8|90601&7,22,0,0|0|400|0|0|800|400,5600,20,-60|-60|-60|-60|0|0|0|0|0|-60|0|0|0|0|0|75,50|50|50|100|0|0|-60|-60|100|100|0|0|-60|-60,100|100|0|-60|-60|0,73608
603,3,3,RageAlpha,0,0,3,6,6,1,0,0&0&0,,,3600,280,280,12,0,0,0,0,901100001,0,0,Sir·RA,Madame·RA,1,7603|7603|7603|7603,30,48,100101&3|100113&3|100125&3|100143&3|200043&3|100501&3,601&3|10601&3|20601&5|80601&7,11,0,0|0|300|0|0|400|200,4900,20,-60|-60|-60|-60|0|0|0|0|0|-60|0|0|0|0|0|65,45|45|45|85|0|0|-60|-60|85|85|0|0|-60|-60,85|85|0|-60|-60|0,73608
604,3,4,ProudAlpha,0,0,4,7,7,1,0,0&0&0,,,1800,210,210,9,0,0,0,0,0,0,0,Sir·PA,Madame·PA,1,7604|7604|7604,30,49,100101&3|100113&3|100125&3|100143&3|200043&3|100501&3,601&3|10601&3|20601&5|80601&6|90601&6,14,0,0|0|200|0|0|400|200,4200,20,-60|-60|-60|-60|0|0|0|0|0|-60|0|0|0|0|0|55,40|40|40|70|0|0|-60|-60|70|70|0|0|-60|-60,70|70|0|-60|-60|0,73608
605,3,5,Slumber·A,0,0,5,8,8,1,0,0&0&0,,,1200,150,150,6,0,0,0,0,0,0,0,Sir·SA,Madame·SA,1,7605|7605|7605,30,50,100101&3|100113&3|100125&3|100143&3|200043&3|100501&3,601&3|10601&3|20601&5|30601&5,10,0,0|0|100|0|0|400|200,3500,20,-60|-60|-60|-60|0|0|0|0|0|-60|0|0|0|0|0|45,35|35|35|60|0|0|-60|-60|60|60|0|0|-60|-60,60|60|0|-60|-60|0,73608
606,12,6,RageLion,0,0,0,9,6,3,0,0&0&0,,,800,100,100,3,0,0,0,0,0,0,0,0,0,1,7606|7606|7606,20,51,100101&3|100113&3|200043&3|100501&3,601&2|10601&2|20601&4|80601&4,7,0,0|0|0|0|0|50|0,2800,20,-60|-60|-60|-60|0|0|0|0|0|-60|0|0|0|0|0|40,30|30|30|50|0|0|-60|-60|50|50|0|0|-60|-60,50|50|0|-60|-60|0,73602
607,12,7,ProudLion,0,0,0,9,7,4,0,0&0&0,,,300,60,60,1,0,0,0,0,0,0,0,0,0,1,7607|7607|7607,20,52,100101&3|200043&3|100501&3,601&2|10601&2|20601&3|90601&3,6,0,0|0|0|0|0|50|0,2100,20,-60|-60|-60|-60|0|0|0|0|0|-60|0|0|0|0|0|35,25|25|25|45|0|0|-60|-60|45|45|0|0|-60|-60,45|45|0|-60|-60|0,73602
608,12,8,Slumber·L,0,0,0,9,8,5,0,0&0&0,,,200,30,30,0,0,0,0,0,0,0,0,0,0,1,7607|7607,20,53,100101&3|200043&3|100501&3,601&2|10601&2|20601&2|30601&2,5,0,0|0|0|0|0|50|0,1400,20,-60|-60|-60|-60|0|0|0|0|0|-60|0|0|0|0|0|30,20|20|20|40|0|0|-60|-60|40|40|0|0|-60|-60,40|40|0|-60|-60|0,73602
609,18,9,Cub,0,0,0,9,9,2,0,0&0&0,,,100,10,10,0,0,0,0,0,0,0,0,0,0,1,7607,10,54,0&0|200043&3,601&1|10601&1|90601&1,2,0,0|0|0|0|0|0|-50,700,20,-60|-60|-60|-60|0|0|0|0|0|-60|0|0|0|0|0|25,15|15|15|35|0|0|-60|-60|35|35|0|0|-60|-60,35|35|0|-60|-60|0,73703
701,1,1,CyanMaster,0,0,2,4,2,0,0,3&75&0,Zi,Zi,7100,450,450,18,0,0,0,0,901100002,901000006,931900005|932300001|932300004|931900004,Sir·M,Uncle·M,0,7701|7701|7701|7701,35,55,100046&3|100107&3|100119&3|100131&3|100143&3|200001&3|400136&1|100510&3,701&8|10701&7|20701&8|40701&7|70701&9|100701&9,29,0,0|0|400|400|400|-50|450,1800,10,0|0|90|0|120|0|0|0|0|0|0|90|90|-60|0|120,120|90|120|0|90|-60|0|120|0|0|120|0|0|0,0|0|90|120|120|0,73706
702,2,2,Celestial,0,0,0,5,3,1,1,3&75&0,Zi,Zi,5100,360,360,15,0,0,0,0,901100002,901000006,931900005|932300001|932300004|931900004,0,0,1,7702|7702|7702|7702,30,56,100046&3|100107&3|100119&3|100131&3|100143&3|200001&3|400136&1|100510&3,701&8|10701&7|20701&8|40701&7|70701&8|100701&8,28,0,0|0|300|300|300|-50|350,1600,10,0|0|75|0|100|0|0|0|0|0|0|75|75|-60|0|100,100|75|100|0|75|-60|0|100|0|0|100|0|0|0,0|0|75|100|100|0,73706
703,5,3,Guardian,0,0,0,6,3,2,2,3&75&0,Zi,Zi,3600,280,280,12,0,0,0,0,901100002,901000006,931900005|932300001|932300004|931900004,0,0,0,7703|7703|7703|7703,20,57,100046&3|100107&3|100119&3|100131&3|100143&3|200001&3|400136&1|100510&3,701&7|10701&6|20701&7|40701&6|70701&7|100701&7,24,0,0|0|200|200|200|-50|250,1400,10,0|0|65|0|85|0|0|0|0|0|0|65|65|-60|0|85,85|65|85|0|65|-60|0|85|0|0|85|0|0|0,0|0|65|85|85|0,73706
704,5,4,Successor,0,0,0,7,4,3,2,3&75&0,,,1800,210,210,9,0,0,0,0,0,901000006,931900005|932300001|932300004|931900004,0,0,1,7704|7704|7704,20,58,100046&3|100107&3|100119&3|100131&3|100143&3|200001&3|400136&1|100510&3,701&6|10701&6|20701&6|40701&6|70701&6|100701&6,22,0,0|0|100|100|100|-50|150,1200,10,0|0|55|0|70|0|0|0|0|0|0|55|55|-60|0|70,70|55|70|0|55|-60|0|70|0|0|70|0|0|0,0|0|55|70|70|0,73606
705,5,5,T·Ranger,0,0,0,8,5,4,3,3&75&0,,,1200,150,150,6,0,0,0,0,0,901000006,931900005|932300001|932300004|931900004,0,0,1,7705|7705|7705,20,59,100046&3|100107&3|100119&3|100143&3|200001&3|400136&1|100510&3,701&5|10701&5|20701&5|100701&5,12,0,0|0|80|80|80|-50|50,1000,10,0|0|45|0|60|0|0|0|0|0|0|45|45|-60|0|60,60|45|60|0|45|-60|0|60|0|0|60|0|0|0,0|0|45|60|60|0,73606
706,5,6,DS·Ranger,0,0,0,8,6,4,3,3&75&0,,,800,100,100,3,0,0,0,0,0,901000006,931900005|932300001|932300004|931900004,0,0,1,7706|7706|7706,20,60,100046&3|100107&3|100119&3|100143&3|200001&3|400136&1|100510&3,701&4|10701&4|20701&4|70701&4,10,0,0|0|60|60|60|-50|50,800,10,0|0|40|0|50|0|0|0|0|0|0|40|40|-60|0|50,50|40|50|0|40|-60|0|50|0|0|50|0|0|0,0|0|40|50|50|0,73606
707,5,7,YY·Ranger,0,0,0,8,7,4,3,3&75&0,,,300,60,60,1,0,0,0,0,0,901000006,931900005|932300001|932300004|931900004,0,0,1,7707|7707|7707,10,61,100046&3|100107&3|100119&3|100143&3|200001&3|400136&1|100510&3,701&3|10701&3|20701&3|40701&3,7,0,0|0|40|40|40|-50|50,600,10,0|0|35|0|45|0|0|0|0|0|0|35|35|-60|0|45,45|35|45|0|35|-60|0|45|0|0|45|0|0|0,0|0|35|45|45|0,73606
708,6,8,SwordBearer,0,0,0,9,8,4,4,3&75&0,,,200,30,30,0,0,0,0,0,0,901000006,931900005|932300001|932300004|931900004,0,0,1,7707|7707,10,62,0&0|200001&3|400136&1,701&2|10701&2|70701&2,4,0,0|0|0|0|0|-50|0,400,10,0|0|30|0|40|0|0|0|0|0|0|30|30|-60|0|40,40|30|40|0|30|-60|0|40|0|0|40|0|0|0,0|0|30|40|40|0,73702
709,6,9,Wanderer,0,0,0,9,9,4,4,3&75&0,,,100,10,10,0,0,0,0,0,0,901000006,931900005|932300001|932300004|931900004,0,0,1,7707,10,63,0&0|200001&3|400136&1,701&1|10701&1|40701&1|70701&1|100701&1,3,0,0|0|0|0|0|-50|0,200,10,0|0|25|0|35|0|0|0|0|0|0|25|25|-60|0|35,35|25|35|0|25|-60|0|35|0|0|35|0|0|0,0|0|25|35|35|0,73701
801,1,1,G·Master,2,0,0,0,3,0,0,0&0&0,,,7100,450,450,18,0,0,0,0,901100003|901400002,901000006,931900001|931900006,0,0,0,7801|7801|7801|7801,30,64,10301&1|100019&3|100131&3|100143&3|200127&3|400091&1,801&9|10801&9|20801&7|30801&7|40801&8|130801&9,29,0,0|0|0|1000|0|0|600,4500,15,120|0|0|90|0|120|0|0|0|0|-60|0|0|0|-60|0,120|120|90|90|120|0|0|0|-60|-60|0|0|0|120,-60|0|120|120|0|0,73905
802,1,2,G·Mistress,2,0,0,0,3,1,0,0&0&0,,,5100,360,360,15,0,0,0,0,901100003|901400002,901000006,931900001|931900006,0,0,0,7802|7802|7802|7802,25,65,10301&1|100019&3|100131&3|100143&3|200127&3|400091&1,801&8|10801&8|20801&7|30801&7|40801&7|130801&8,27,0,0|0|0|800|0|0|500,4000,15,100|0|0|75|0|100|0|0|0|0|-60|0|0|0|-60|0,100|100|75|75|100|0|0|0|-60|-60|0|0|0|100,-60|0|100|100|0|0,73905
803,5,3,Feather·E,2,0,0,0,5,1,0,0&0&0,,,3600,280,280,12,0,0,0,0,901100003|901400002,901000006,931900001|931900006,0,0,0,7803|7803|7803|7803,20,66,10301&1|100019&3|100131&3|100143&3|200127&3|400091&1,801&7|10801&7|20801&6|40801&7|130801&7,20,0,0|0|0|600|0|0|400,3500,15,85|0|0|65|0|85|0|0|0|0|-60|0|0|0|-60|0,85|85|65|65|85|0|0|0|-60|-60|0|0|0|85,-60|0|85|85|0|0,73905
804,5,4,SilkEnvoy,2,0,0,0,5,1,0,0&0&0,,,1800,210,210,9,0,0,0,0,901400002,901000006,931900001|931900006,0,0,1,7804|7804|7804,20,67,10301&1|100019&3|100131&3|100143&3|200127&3|400091&1,801&6|10801&6|20801&6|30801&6|130801&6,18,0,0|0|0|400|0|0|300,3000,15,70|0|0|55|0|70|0|0|0|0|-60|0|0|0|-60|0,70|70|55|55|70|0|0|0|-60|-60|0|0|0|70,-60|0|70|70|0|0,73805
805,6,5,JadeGuard,2,0,0,0,5,2,0,0&0&0,,,1200,150,150,6,0,0,0,0,901400002,901000006,931900001|931900006,0,0,0,7805|7805|7805,10,68,10301&1|100019&3|100131&3|200127&3|400091&1,801&5|10801&5|20801&5|30801&5|40801&5,15,0,0|0|0|300|0|0|0,2500,15,60|0|0|45|0|60|0|0|0|0|-60|0|0|0|-60|0,60|60|45|45|60|0|0|0|-60|-60|0|0|0|60,-60|0|60|60|0|0,73805
806,7,6,SkyMelody,2,0,0,0,6,2,0,0&0&0,,,800,100,100,3,0,0,0,0,901400002,901000006,931900001|931900006,0,0,1,7806|7806|7806,10,69,10301&1|100019&3|100131&3|200127&3|400091&1,801&4|10801&4|20801&4|130801&4,10,0,0|0|0|200|0|0|0,2000,15,50|0|0|40|0|50|0|0|0|0|-60|0|0|0|-60|0,50|50|40|40|50|0|0|0|-60|-60|0|0|0|50,-60|0|50|50|0|0,73805
807,9,7,Disciple,2,0,0,0,7,5,0,0&0&0,,,300,60,60,1,0,0,0,0,901400002,901000006,931900001|931900006,0,0,1,7807|7807|7807,10,70,10301&1|100019&3|200127&3|400091&1,801&3|10801&3|20801&3|30801&3|40801&3,9,0,0|0|0|100|0|0|0,1500,15,45|0|0|35|0|45|0|0|0|0|-60|0|0|0|-60|0,45|45|35|35|45|0|0|0|-60|-60|0|0|0|45,-60|0|45|45|0|0,73805
808,6,8,Apprentice,2,0,0,0,8,6,0,0&0&0,,,200,30,30,0,0,0,0,0,901400002,901000006,931900001|931900006,0,0,1,7807|7807,10,71,10301&1|200127&3|400091&1,801&2|10801&2|40801&2,4,0,0|0|0|0|0|0|0,1000,15,40|0|0|30|0|40|0|0|0|0|-60|0|0|0|-60|0,40|40|30|30|40|0|0|0|-60|-60|0|0|0|40,-60|0|40|40|0|0,73805
809,5,9,Servant,2,0,0,0,9,6,0,0&0&0,,,100,10,10,0,0,0,0,0,901400002,901000006,931900001|931900006,0,0,1,7807,10,72,10301&1|200127&3|400091&1,801&1|10801&1|30801&1,2,0,-50|-50|-50|-50|-50|-50|-50,500,15,35|0|0|25|0|35|0|0|0|0|-60|0|0|0|-60|0,35|35|25|25|35|0|0|0|-60|-60|0|0|0|35,-60|0|35|35|0|0,73805
901,1,1,Manor·M,0,0,2,5,2,0,0,0&0&0,,,7100,450,450,18,0,0,0,0,901100004|901400001,901300007,0,Sir·Manor,Madame·M,0,7901|7901|7901|7901,40,73,10001&1|10101&1|10201&1|100101&3|100113&3|100125&3|100137&3|200043&3,901&5|10901&5|20901&7|70901&8|80901&8|90901&8|120901&8,29,0,0|800|800|400|0|800|1000,5400,20,0|0|0|0|0|0|120|120|-60|-60|0|120|-60|-60|0|0,60|60|90|0|0|0|0|120|120|120|0|0|120|0,120|120|0|-60|90|0,73609
902,2,2,M·Smith,0,0,0,6,2,1,0,0&0&0,,,5100,360,360,15,0,0,0,0,901100004|901400001,901300007,0,0,0,0,7902|7902|7902|7902,35,74,10001&1|10101&1|10201&1|100101&3|100113&3|100125&3|100137&3|200043&3,901&5|10901&5|20901&7|70901&7|80901&7|90901&7|120901&7,27,0,0|700|700|350|0|600|800,4800,20,0|0|0|0|0|0|100|100|-60|-60|0|100|-60|-60|0|0,50|50|75|0|0|0|0|100|100|100|0|0|100|0,100|100|0|-60|75|0,73707
903,4,3,Sky·Smith,0,0,0,7,3,2,0,0&0&0,,,3600,280,280,12,0,0,0,0,901100004|901400001,901300007,0,0,0,1,7903|7903|7903|7903,30,75,10001&1|10101&1|10201&1|100101&3|100113&3|100125&3|100137&3|200043&3,901&4|10901&4|20901&6|70901&7|120901&7,17,0,0|600|600|300|0|400|550,4200,20,0|0|0|0|0|0|85|85|-60|-60|0|85|-60|-60|0|0,45|45|65|0|0|0|0|85|85|85|0|0|85|0,85|85|0|-60|65|0,73707
904,4,4,Mystic·S,0,0,0,7,4,2,0,0&0&0,,,1800,210,210,9,0,0,0,0,901400001,901300007,0,0,0,1,7904|7904|7904,25,76,10001&1|10101&1|10201&1|100101&3|100113&3|100125&3|100137&3|200043&3,901&4|10901&4|20901&6|80901&6|120901&6,16,0,0|500|500|250|0|200|350,3600,20,0|0|0|0|0|0|70|70|-60|-60|0|70|-60|-60|0|0,40|40|55|0|0|0|0|70|70|70|0|0|70|0,70|70|0|-60|55|0,73707
905,6,5,Treasure·S,0,0,0,8,5,3,0,0&0&0,,,1200,150,150,6,0,0,0,0,901400001,901300007,0,0,0,1,7905|7905|7905,20,77,10001&1|10101&1|10201&1|100101&3|100113&3|100125&3|100137&3|200043&3,901&4|10901&4|20901&5|90901&5|120901&5,14,0,0|400|400|200|0|100|200,3000,20,0|0|0|0|0|0|60|60|-60|-60|0|60|-60|-60|0|0,35|35|45|0|0|0|0|60|60|60|0|0|60|0,60|60|0|-60|45|0,73707
906,6,6,Season·S,0,0,0,8,6,4,0,0&0&0,,,800,100,100,3,0,0,0,0,901400001,901300007,0,0,0,1,7906|7906|7906,20,78,10001&1|10101&1|10201&1|100101&3|100113&3|100125&3|100137&3|200043&3,901&3|10901&3|20901&4|70901&4|80901&4|90901&4,13,0,0|300|300|150|0|50|100,2400,20,0|0|0|0|0|0|50|50|-60|-60|0|50|-60|-60|0|0,30|30|40|0|0|0|0|50|50|50|0|0|50|0,50|50|0|-60|40|0,73707
907,6,7,Bamboo·S,0,0,0,8,7,5,0,0&0&0,,,300,60,60,1,0,0,0,0,901400001,901300007,0,0,0,1,7907|7907|7907,20,79,10001&1|10101&1|10201&1|100101&3|100113&3|200043&3,901&3|10901&3|20901&3|120901&3,7,0,0|200|200|100|0|0|50,1800,20,0|0|0|0|0|0|45|45|-60|-60|0|45|-60|-60|0|0,25|25|35|0|0|0|0|45|45|45|0|0|45|0,45|45|0|-60|35|0,73707
908,10,8,Novice,0,0,0,9,8,6,0,0&0&0,,,200,30,30,0,0,0,0,0,901400001,901300007,0,0,0,1,7907|7907,10,80,0&0|100101&3|100113&3|200043&3,901&2|10901&2|70901&2|80901&2|90901&2,6,0,0|100|100|50|0|0|0,1200,20,0|0|0|0|0|0|40|40|-60|-60|0|40|-60|-60|0|0,20|20|30|0|0|0|0|40|40|40|0|0|40|0,40|40|0|-60|30|0,73603
909,6,9,Stoker,0,0,0,9,9,7,0,0&0&0,,,100,10,10,0,0,0,0,0,901400001,901300007,0,0,0,1,7907,10,81,0&0|200043&3,901&1|10901&1|90901&1,2,0,0|0|0|0|0|-50|-50,600,20,0|0|0|0|0|0|35|35|-60|-60|0|35|-60|-60|0|0,15|15|25|0|0|0|0|35|35|35|0|0|35|0,35|35|0|-60|25|0,73703
1001,1,1,G·Master,0,0,2,5,3,0,0,0&0&0,,,7100,450,450,18,0,0,0,0,901100005|901300006|901300010,901000006,932900001|932900002,Sir·M,Madame·M,0,8001|8001|8001|8001,40,82,10501&1|100001&3|100028&3|100037&3|100107&3|100119&3|100131&3|200043&3,1001&5|11001&5|21001&9|31001&6|41001&6|51001&8|61001&9,29,0,0|0|0|0|1000|550|650,4500,15,0|0|0|0|0|0|0|0|90|90|0|0|0|0|0|-60,60|60|120|60|60|120|120|0|0|0|0|-60|0|0,0|90|90|90|0|0,73708
1002,1,2,HerbKing,0,0,0,5,3,0,0,0&0&0,,,5100,360,360,15,0,0,0,0,901100005|901300006|901300010,901000006,932900001|932900002,0,0,0,8002|8002|8002|8002,35,83,10501&1|100001&3|100028&3|100037&3|100107&3|100119&3|100131&3|200043&3,1001&5|11001&5|21001&8|31001&6|41001&6|51001&7|61001&8,27,0,0|0|0|0|800|350|500,4000,15,0|0|0|0|0|0|0|0|75|75|0|0|0|0|0|-60,50|50|100|50|50|100|100|0|0|0|0|-60|0|0,0|75|75|75|0|0,73708
1003,4,3,Elder,0,0,0,6,3,0,0,0&0&0,,,3600,280,280,12,0,0,0,0,901100005|901300006|901300010,901000006,932900001|932900002,0,0,0,8003|8003|8003|8003,30,84,10501&1|100001&3|100028&3|100037&3|100107&3|100119&3|100131&3|200043&3,1001&5|11001&4|21001&7|31001&6|41001&6|51001&7|61001&7,25,0,0|0|0|0|600|250|350,3500,15,0|0|0|0|0|0|0|0|65|65|0|0|0|0|0|-60,45|45|85|45|45|85|85|0|0|0|0|-60|0|0,0|65|65|65|0|0,73708
1004,4,4,Dragonor,0,0,0,7,4,1,0,0&0&0,,,1800,210,210,9,0,0,0,0,901300006|901300010,901000006,932900001|932900002,0,0,1,8004|8004|8004,25,85,10501&1|100001&3|100028&3|100037&3|100107&3|100119&3|100131&3|200043&3,1001&4|11001&4|21001&6|51001&6|61001&6,16,0,0|0|0|0|400|150|250,3000,15,0|0|0|0|0|0|0|0|55|55|0|0|0|0|0|-60,40|40|70|40|40|70|70|0|0|0|0|-60|0|0,0|55|55|55|0|0,73602
1005,5,5,Head·D,0,0,0,8,5,2,0,0&0&0,,,1200,150,150,6,0,0,0,0,901300006|901300010,901000006,932900001|932900002,0,0,1,8005|8005|8005,20,86,10501&1|100001&3|100028&3|100037&3|100107&3|100119&3|100131&3|200043&3,1001&4|11001&4|21001&5|31001&5|41001&5|61001&5,17,0,0|0|0|0|300|50|100,2500,15,0|0|0|0|0|0|0|0|45|45|0|0|0|0|0|-60,35|35|60|35|35|60|60|0|0|0|0|-60|0|0,0|45|45|45|0|0,73602
1006,6,6,Furnance·H,0,0,0,8,6,3,0,0&0&0,,,800,100,100,3,0,0,0,0,901300006|901300010,901000006,932900001|932900002,0,0,1,8006|8006|8006,20,87,10501&1|100001&3|100028&3|100037&3|100107&3|100119&3|100131&3|200043&3,1001&3|11001&3|21001&4|61001&4,8,0,0|0|0|0|200|0|0,2000,15,0|0|0|0|0|0|0|0|40|40|0|0|0|0|0|-60,30|30|50|30|30|50|50|0|0|0|0|-60|0|0,0|40|40|40|0|0,73602
1007,8,7,DragonHall,0,0,0,8,7,4,0,0&0&0,,,300,60,60,1,0,0,0,0,901300006|901300010,901000006,932900001|932900002,0,0,1,8007|8007|8007,20,88,10501&1|100028&3|100037&3|200043&3,1001&3|11001&3|21001&3|51001&3|61001&3,9,0,0|0|0|0|150|0|0,1500,15,0|0|0|0|0|0|0|0|35|35|0|0|0|0|0|-60,25|25|45|25|25|45|45|0|0|0|0|-60|0|0,0|35|35|35|0|0,73602
1008,10,8,ProbeHall,0,0,0,9,8,5,0,0&0&0,,,200,30,30,0,0,0,0,0,901300006|901300010,901000006,932900001|932900002,0,0,1,8007|8007,10,89,10501&1|100028&3|200043&3,1001&2|11001&2|21001&2|31001&2|41001&2|61001&2,7,0,0|0|0|0|100|0|0,1000,15,0|0|0|0|0|0|0|0|30|30|0|0|0|0|0|-60,20|20|40|20|20|40|40|0|0|0|0|-60|0|0,0|30|30|30|0|0,73602
1009,6,9,Apprentice,0,0,0,9,9,5,0,0&0&0,,,100,10,10,0,0,0,0,0,901300006|901300010,901000006,932900001|932900002,0,0,1,8007,10,90,10501&1|200043&3,1001&1|11001&1|61001&1,2,0,0|0|0|0|50|-50|-50,500,15,0|0|0|0|0|0|0|0|25|25|0|0|0|0|0|-60,15|15|35|15|15|35|35|0|0|0|0|-60|0|0,0|25|25|25|0|0,73701
1101,1,1,LawKing,1,0,0,0,2,0,0,0&0&0,,,7100,450,450,18,-50,0,0,0,901200001,901000006,932300002|931900006,0,0,0,8101|8101|8101|8101,40,91,100001&3|100101&3|100113&3|100125&3|100137&3|200085&3|100501&3,1101&9|11101&4|21101&8|31101&8|81101&9|101101&8,28,-300,0|0|0|0|0|1000|800,6300,20,0|0|0|0|-60|0|0|0|0|0|0|0|-60|90|0|0,120|60|120|120|0|0|0|0|120|0|120|-60|0|0,120|120|-60|0|0|90,73906
1102,5,2,WisdomKing,1,0,0,0,2,0,0,0&0&0,,,5100,360,360,15,-40,0,0,0,901200001,901000006,932300002|931900006,0,0,0,8102|8102|8102|8102,35,92,100001&3|100101&3|100113&3|100125&3|100137&3|200085&3|100501&3,1101&8|11101&4|21101&7|31101&7|81101&8|101101&7,25,-260,0|0|0|0|0|800|650,5600,20,0|0|0|0|-60|0|0|0|0|0|0|0|-60|75|0|0,100|50|100|100|0|0|0|0|100|0|100|-60|0|0,100|100|-60|0|0|75,73906
1103,5,3,Elder,1,0,0,0,3,0,0,0&0&0,,,3600,280,280,12,-40,0,0,0,901200001,901000006,932300002|931900006,0,0,0,8103|8103|8103|8103,30,93,100001&3|100101&3|100113&3|100125&3|100137&3|200085&3|100501&3,1101&7|11101&4|21101&7|31101&7|81101&7|101101&7,23,-220,0|0|0|0|0|600|500,4900,20,0|0|0|0|-60|0|0|0|0|0|0|0|-60|65|0|0,85|45|85|85|0|0|0|0|85|0|85|-60|0|0,85|85|-60|0|0|65,73906
1104,4,4,Gardian,0,0,0,7,4,1,0,0&0&0,,,1800,210,210,9,-30,0,0,0,0,901000006,932300002|931900006,0,0,1,8104|8104|8104,25,94,100001&3|100101&3|100113&3|100125&3|100137&3|200085&3|100501&3,1101&6|11101&3|21101&6|81101&6|101101&6,16,-180,0|0|0|0|0|400|350,4200,20,0|0|0|0|-60|0|0|0|0|0|0|0|-60|55|0|0,70|40|70|70|0|0|0|0|70|0|70|-60|0|0,70|70|-60|0|0|55,73806
1105,8,5,Fighter,0,0,0,8,5,2,0,0&0&0,,,1200,150,150,6,-30,0,0,0,0,901000006,932300002|931900006,0,0,1,8105|8105|8105,25,95,100001&3|100101&3|100113&3|100125&3|100137&3|200085&3|100501&3,1101&5|11101&3|21101&5|31101&5|101101&5,14,-140,0|0|0|0|0|200|200,3500,20,0|0|0|0|-60|0|0|0|0|0|0|0|-60|45|0|0,60|35|60|60|0|0|0|0|60|0|60|-60|0|0,60|60|-60|0|0|45,73806
1106,10,6,SilentHall,0,0,0,9,6,3,0,0&0&0,,,800,100,100,3,-20,0,0,0,0,901000006,932300002|931900006,0,0,1,8106|8106|8106,20,96,100001&3|100101&3|100113&3|200085&3,1101&4|11101&2|21101&4|101101&4,8,-100,0|0|0|0|0|150|150,2800,20,0|0|0|0|-60|0|0|0|0|0|0|0|-60|40|0|0,50|30|50|50|0|0|0|0|50|0|50|-60|0|0,50|50|-60|0|0|40,73806
1107,10,7,VajraHall,0,0,0,9,7,4,0,0&0&0,,,300,60,60,1,-20,0,0,0,0,901000006,932300002|931900006,0,0,1,8107|8107|8107,20,97,100001&3|100101&3|200085&3,1101&3|11101&2|21101&3|31101&3,7,-60,0|0|0|0|0|100|100,2100,20,0|0|0|0|-60|0|0|0|0|0|0|0|-60|35|0|0,45|25|45|45|0|0|0|0|45|0|45|-60|0|0,45|45|-60|0|0|35,73806
1108,10,8,Rakshasa·H,0,0,0,9,8,5,0,0&0&0,,,200,30,30,0,-20,0,0,0,0,901000006,932300002|931900006,0,0,1,8107|8107,10,98,100001&3|100101&3|200085&3,1101&2|11101&2|21101&2|81101&2,5,-20,0|0|0|0|0|50|50,1400,20,0|0|0|0|-60|0|0|0|0|0|0|0|-60|30|0|0,40|20|40|40|0|0|0|0|40|0|40|-60|0|0,40|40|-60|0|0|30,73806
1109,12,9,Labor,0,0,0,9,9,5,0,0&0&0,,,100,10,10,0,-10,0,0,0,0,901000006,932300002|931900006,0,0,1,8107,10,99,0&0|200085&3,1101&1|11101&1|101101&1,2,0,-50|-50|-50|-50|-50|-50|-50,700,20,0|0|0|0|-60|0|0|0|0|0|0|0|-60|25|0|0,35|15|35|35|0|0|0|0|35|0|35|-60|0|0,35|35|-60|0|0|25,73806
1201,1,1,Hierarch,2,0,0,0,4,0,0,0&0&0,,,7100,450,450,18,-50,0,0,0,901200002|901300006|901300010,901000006,932900001|932900002,0,0,0,8201|8201|8201|8201,25,100,10501&1|100019&3|100028&3|100037&3|100046&3|100131&3|100143&3|200127&3,1201&7|11201&7|21201&9|31201&8|41201&9|71201&7|111201&9,34,-180,0|800|0|400|600|400|550,3600,15,0|0|0|0|0|0|0|90|0|120|0|0|-60|-60|0|0,90|90|120|120|120|0|0|90|0|-60|0|120|0|0,0|0|120|120|90|-60,73907
1202,1,2,Saint,2,0,0,0,4,1,0,0&0&0,,,5100,360,360,15,-40,0,0,0,901200002|901300006|901300010,901000006,932900001|932900002,0,0,0,8202|8202|8202|8202,10,101,10501&1|100019&3|100028&3|100037&3|100046&3|100131&3|100143&3|200127&3,1201&7|11201&7|21201&8|31201&7|41201&8|71201&7|111201&8,31,-140,0|600|0|300|500|300|450,3200,15,0|0|0|0|0|0|0|75|0|100|0|0|-60|-60|0|0,75|75|100|100|100|0|0|75|0|-60|0|100|0|0,0|0|100|100|75|-60,73907
1203,3,3,Counsellor,2,0,0,0,4,1,0,0&0&0,,,3600,280,280,12,-40,0,0,0,901200002|901300006|901300010,901000006,932900001|932900002,0,0,0,8203|8203|8203|8203,40,102,10501&1|100019&3|100028&3|100037&3|100046&3|100131&3|100143&3|200127&3,1201&6|11201&6|21201&7|31201&7|41201&7|71201&6|111201&7,28,-100,0|400|0|200|400|200|350,2800,15,0|0|0|0|0|0|0|65|0|85|0|0|-60|-60|0|0,65|65|85|85|85|0|0|65|0|-60|0|85|0|0,0|0|85|85|65|-60,73907
1204,5,4,Patriach,0,0,0,2,4,1,0,0&0&0,,,1800,210,210,9,-30,0,0,0,901300006|901300010,901000006,932900001|932900002,0,0,1,8204|8204|8204,30,103,10501&1|100019&3|100028&3|100037&3|100046&3|100131&3|100143&3|200127&3,1201&6|11201&6|21201&6|31201&6|41201&6|71201&6,22,-60,0|300|0|150|300|100|250,2400,15,0|0|0|0|0|0|0|55|0|70|0|0|-60|-60|0|0,55|55|70|70|70|0|0|55|0|-60|0|70|0|0,0|0|70|70|55|-60,73807
1205,5,5,Brooder,0,0,0,9,5,3,0,0&0&0,,,1200,150,150,6,-30,0,0,0,901300006|901300010,901000006,932900001|932900002,0,0,1,8205|8205|8205,20,104,10501&1|100019&3|100028&3|100037&3|100046&3|100131&3|200127&3,1201&5|11201&5|21201&5|41201&5|71201&5|111201&5,18,-20,0|200|0|100|200|0|150,2000,15,0|0|0|0|0|0|0|45|0|60|0|0|-60|-60|0|0,45|45|60|60|60|0|0|45|0|-60|0|60|0|0,0|0|60|60|45|-60,73807
1206,5,6,VenomEnvoy,0,0,0,9,6,4,0,0&0&0,,,800,100,100,3,-20,0,0,0,901300006|901300010,901000006,932900001|932900002,0,0,1,8206|8206|8206,20,105,10501&1|100019&3|100028&3|100037&3|100046&3|100131&3|200127&3,1201&4|11201&4|21201&4|31201&4|71201&4|111201&4,14,0,0|100|0|50|100|0|50,1600,15,0|0|0|0|0|0|0|40|0|50|0|0|-60|-60|0|0,40|40|50|50|50|0|0|40|0|-60|0|50|0|0,0|0|50|50|40|-60,73807
1207,8,7,BrooderCrew,0,0,0,9,7,5,0,0&0&0,,,300,60,60,1,-20,0,0,0,901300006|901300010,901000006,932900001|932900002,0,0,1,8207|8207|8207,10,106,0&0|100019&3|100028&3|100037&3|100046&3|200127&3,1201&3|11201&3|21201&3|41201&3|71201&3|111201&3,11,0,0|0|0|0|50|0|0,1200,15,0|0|0|0|0|0|0|35|0|45|0|0|-60|-60|0|0,35|35|45|45|45|0|0|35|0|-60|0|45|0|0,0|0|45|45|35|-60,73807
1208,10,8,VenomCrew,0,0,0,9,8,6,0,0&0&0,,,200,30,30,0,-20,0,0,0,901300006|901300010,901000006,932900001|932900002,0,0,1,8207|8207,10,107,0&0|100019&3|100037&3|100046&3|200127&3,1201&2|11201&2|21201&2|31201&2|41201&2|111201&2,7,0,0|0|0|0|50|0|0,800,15,0|0|0|0|0|0|0|30|0|40|0|0|-60|-60|0|0,30|30|40|40|40|0|0|30|0|-60|0|40|0|0,0|0|40|40|30|-60,73807
1209,12,9,Cultist,0,0,0,9,9,6,0,0&0&0,,,100,10,10,0,-10,0,0,0,901300006|901300010,901000006,932900001|932900002,0,0,1,8207,10,108,0&0|100037&3|200127&3,1201&1|11201&1|41201&1,2,0,0|0|0|0|0|0|0,400,15,0|0|0|0|0|0|0|25|0|35|0|0|-60|-60|0|0,25|25|35|35|35|0|0|25|0|-60|0|35|0|0,0|0|35|35|25|-60,73807
1301,1,1,DarkLord,0,0,2,5,3,0,0,0&0&0,,,7100,450,450,18,-50,0,0,0,901200003,901000006,931900002|931900005|932900002,Major·L,Minor·L,0,8301|8301|8301|8301,35,109,100010&3|100019&3|100107&3|100113&3|100125&3|200085&3,1301&6|11301&9|21301&6|41301&9|61301&9|71301&8,28,-280,0|600|0|0|0|1000|1200,4500,10,0|120|0|0|90|0|0|0|-60|60|0|0|0|0|0|0,60|120|60|0|120|0|120|120|0|0|0|0|0|0,0|-60|120|90|120|0,73908
1302,1,2,Shadowless,0,0,0,5,3,1,0,0&0&0,,,5100,360,360,15,-40,0,0,0,901200003,901000006,931900002|931900005|932900002,0,0,0,8302|8302|8302|8302,25,110,100010&3|100019&3|100107&3|100113&3|100125&3|200085&3,1301&6|11301&8|21301&6|41301&8|61301&8|71301&7,26,-240,0|400|0|0|0|500|800,4000,10,0|100|0|0|75|0|0|0|-60|50|0|0|0|0|0|0,50|100|50|0|100|0|100|100|0|0|0|0|0|0,0|-60|100|75|100|0,73908
1303,7,3,SevenStar,0,0,0,6,3,2,0,0&0&0,,,3600,280,280,12,-40,0,0,0,901200003,901000006,931900002|931900005|932900002,0,0,1,8303|8303|8303|8303,25,111,100010&3|100019&3|100107&3|100113&3|100125&3|200085&3,1301&5|11301&7|21301&5|41301&7|61301&7|71301&7,23,-200,0|200|0|0|0|250|600,3500,10,0|85|0|0|65|0|0|0|-60|45|0|0|0|0|0|0,45|85|45|0|85|0|85|85|0|0|0|0|0|0,0|-60|85|65|85|0,73908
1304,4,4,ArchCulprit,0,0,0,6,4,2,0,0&0&0,,,1800,210,210,9,-30,0,0,0,0,901000006,931900002|931900005|932900002,0,0,1,8304|8304|8304,25,112,100010&3|100019&3|100107&3|100113&3|100125&3|200085&3,1301&5|11301&6|21301&5|61301&6|71301&6,17,-160,0|100|0|0|0|100|400,3000,10,0|70|0|0|55|0|0|0|-60|40|0|0|0|0|0|0,40|70|40|0|70|0|70|70|0|0|0|0|0|0,0|-60|70|55|70|0,73808
1305,5,5,DeathSworn,0,0,0,7,5,4,0,0&0&0,,,1200,150,150,6,-30,0,0,0,0,901000006,931900002|931900005|932900002,0,0,1,8305|8305|8305,20,113,100010&3|100019&3|200085&3,1301&4|11301&5|21301&4|41301&5|71301&5,14,-120,0|0|0|0|0|0|0,2500,10,0|60|0|0|45|0|0|0|-60|35|0|0|0|0|0|0,35|60|35|0|60|0|60|60|0|0|0|0|0|0,0|-60|60|45|60|0,73808
1306,5,6,Killer,0,0,0,7,6,4,0,0&0&0,,,800,100,100,3,-20,0,0,0,0,901000006,931900002|931900005|932900002,0,0,1,8306|8306|8306,20,114,100010&3|100019&3|200085&3,1301&4|11301&4|21301&4|41301&4|61301&4|71301&4,14,-80,0|0|0|0|0|0|0,2000,10,0|50|0|0|40|0|0|0|-60|30|0|0|0|0|0|0,30|50|30|0|50|0|50|50|0|0|0|0|0|0,0|-60|50|40|50|0,73808
1307,8,7,Gatekeeper,0,0,0,8,7,4,0,0&0&0,,,300,60,60,1,-20,0,0,0,0,901000006,931900002|931900005|932900002,0,0,1,8307|8307|8307,10,115,100010&3|100019&3|200085&3,1301&3|11301&3|21301&3|41301&3|61301&3,9,-40,0|0|0|0|0|0|0,1500,10,0|45|0|0|35|0|0|0|-60|25|0|0|0|0|0|0,25|45|25|0|45|0|45|45|0|0|0|0|0|0,0|-60|45|35|45|0,73808
1308,6,8,Guide,0,0,0,9,8,4,0,0&0&0,,,200,30,30,0,-20,0,0,0,0,901000006,931900002|931900005|932900002,0,0,1,8307|8307,10,116,100010&3|100019&3|200085&3,1301&2|11301&2|21301&2|61301&2|71301&2,6,0,0|0|0|0|0|0|0,1000,10,0|40|0|0|30|0|0|0|-60|20|0|0|0|0|0|0,20|40|20|0|40|0|40|40|0|0|0|0|0|0,0|-60|40|30|40|0,73808
1309,8,9,OuterGate,0,0,0,9,9,7,0,0&0&0,,,100,10,10,0,-10,0,0,0,0,901000006,931900002|931900005|932900002,0,0,1,8307,10,117,100010&3|200085&3,1301&1|11301&1|61301&1,2,0,0|0|0|0|0|0|0,500,10,0|35|0|0|25|0|0|0|-60|15|0|0|0|0|0|0,15|35|15|0|35|0|35|35|0|0|0|0|0|0,0|-60|35|25|35|0,73808
1401,1,1,IslandLord,0,1220,3,4,3,0,0,0&0&0,,,7100,450,450,18,-50,0,0,0,901200004,932300003,0,Sir·Altar,Madame·A,0,8401|8401|8401|8401,35,118,100101&3|100113&3|100137&3|200127&3|100510&3,1401&8|11401&6|21401&8|31401&9|61401&6|81401&8,27,-260,0|0|600|0|0|800|500,5400,20,0|0|0|0|0|-60|90|0|0|0|0|-60|0|0|120|0,120|60|120|120|0|0|60|-60|120|0|-60|0|0|0,120|90|0|90|0|0,73708
1402,1,2,ViceLord,0,1932,3,5,3,0,0,0&0&0,,,5100,360,360,15,-40,0,0,0,901200004,932300003,0,Sir·VA,Madame·VA,0,8402|8402|8402|8402,30,119,100101&3|100113&3|100137&3|200127&3|100510&3,1401&7|11401&6|21401&7|31401&8|61401&6|81401&7,25,-220,0|0|400|0|0|600|400,4800,20,0|0|0|0|0|-60|75|0|0|0|0|-60|0|0|100|0,100|50|100|100|0|0|50|-60|100|0|-60|0|0|0,100|75|0|75|0|0,73708
1403,4,3,DragonElder,0,1220,0,6,3,0,0,0&0&0,,,3600,280,280,12,-40,0,0,0,901200004,932300003,0,0,0,0,8403|8403|8403|8403,40,120,100101&3|100113&3|100137&3|200127&3|100510&3,1401&7|11401&5|21401&7|31401&7|61401&6|81401&7,23,-180,0|0|300|0|0|400|300,4200,20,0|0|0|0|0|-60|65|0|0|0|0|-60|0|0|85|0,85|45|85|85|0|0|45|-60|85|0|-60|0|0|0,85|65|0|65|0|0,73708
1404,4,4,Head·D,0,1932,0,7,4,1,0,0&0&0,,,1800,210,210,9,-30,0,0,0,0,932300003,0,0,0,1,8404|8404|8404,25,121,100101&3|100113&3|100137&3|200127&3|100510&3,1401&6|11401&5|21401&6|31401&6|81401&6,17,-140,0|0|200|0|0|200|200,3600,20,0|0|0|0|0|-60|55|0|0|0|0|-60|0|0|70|0,70|40|70|70|0|0|40|-60|70|0|-60|0|0|0,70|55|0|55|0|0,73608
1405,6,5,Seawatcher,0,1220,0,7,5,2,0,0&0&0,,,1200,150,150,6,-30,0,0,0,0,932300003,0,0,0,1,8405|8405|8405,25,122,100101&3|100113&3|100137&3|200127&3|100510&3,1401&5|11401&4|21401&5|61401&5|81401&5,14,-100,0|0|100|0|0|100|100,3000,20,0|0|0|0|0|-60|45|0|0|0|0|-60|0|0|60|0,60|35|60|60|0|0|35|-60|60|0|-60|0|0|0,60|45|0|45|0|0,73608
1406,7,6,Titled·D,0,1932,0,8,6,3,0,0&0&0,,,800,100,100,3,-20,0,0,0,0,932300003,0,0,0,1,8406|8406|8406,20,123,100101&3|100113&3|100137&3|200127&3|100510&3,1401&4|11401&4|21401&4|31401&4|81401&4,12,-60,0|0|50|0|0|50|50,2400,20,0|0|0|0|0|-60|40|0|0|0|0|-60|0|0|50|0,50|30|50|50|0|0|30|-60|50|0|-60|0|0|0,50|40|0|40|0|0,73603
1407,9,7,Disciple,0,0,0,8,7,4,0,0&0&0,,,300,60,60,1,-20,0,0,0,0,932300003,0,0,0,1,8407|8407|8407,20,124,100101&3|100113&3|200127&3|100510&3,1401&3|11401&3|21401&3|31401&3,7,-20,0|0|0|0|0|0|0,1800,20,0|0|0|0|0|-60|35|0|0|0|0|-60|0|0|45|0,45|25|45|45|0|0|25|-60|45|0|-60|0|0|0,45|35|0|35|0|0,73603
1408,9,8,Outer·D,0,0,0,9,8,6,0,0&0&0,,,200,30,30,0,-20,0,0,0,0,932300003,0,0,0,1,8407|8407,10,125,100101&3|100113&3|200127&3,1401&2|11401&2|81401&2,4,0,0|0|0|0|0|0|0,1200,20,0|0|0|0|0|-60|30|0|0|0|0|-60|0|0|40|0,40|20|40|40|0|0|20|-60|40|0|-60|0|0|0,40|30|0|30|0|0,73601
1409,9,9,Islander,0,0,0,9,9,7,0,0&0&0,,,100,10,10,0,-10,0,0,0,0,932300003,0,0,0,1,8407,10,126,0&0|200127&3,1401&1|11401&1|61401&1,2,0,0|0|0|0|0|0|0,600,20,0|0|0|0|0|-60|25|0|0|0|0|-60|0|0|35|0,35|15|35|35|0|0|15|-60|35|0|-60|0|0|0,35|25|0|25|0|0,73601
1501,1,1,Hierarch,0,0,3,4,3,0,0,0&0&0,,,7100,450,450,18,-50,0,0,0,901200005,901000006,932900002|932300004,Sir·H,Madame·H,0,8501|8501|8501|8501,20,127,10501&1|100010&3|100028&3|100101&3|100113&3|100125&3|100143&3|200043&3,1501&9|11501&5|21501&9|31501&8|41501&7|51501&8|61501&7,32,-320,600|0|0|0|400|1000|900,5400,15,0|0|0|0|0|90|-60|-60|0|90|0|0|0|0|0|0,120|60|120|120|90|120|90|0|0|0|0|0|0|0,120|90|90|0|0|-60,73909
1502,1,2,V·Hierarch,0,0,3,4,3,1,0,0&0&0,,,5100,360,360,15,-40,0,0,0,901200005,901000006,932900002|932300004,Sir·VH,Madame·VH,0,8502|8502|8502|8502,25,128,10501&1|100010&3|100028&3|100101&3|100113&3|100125&3|100143&3|200043&3,1501&8|11501&5|21501&8|31501&7|41501&7|51501&7|61501&7,29,-280,400|0|0|0|300|800|600,4800,15,0|0|0|0|0|75|-60|-60|0|75|0|0|0|0|0|0,100|50|100|100|75|100|75|0|0|0|0|0|0|0,100|75|75|0|0|-60,73909
1503,6,3,Elder,0,0,0,5,3,1,0,0&0&0,,,3600,280,280,12,-40,0,0,0,901200005,901000006,932900002|932300004,0,0,0,8503|8503|8503|8503,35,129,10501&1|100010&3|100028&3|100101&3|100113&3|100125&3|100143&3|200043&3,1501&7|11501&4|21501&7|31501&7|41501&6|51501&7|61501&6,26,-240,300|0|0|0|200|600|300,4200,15,0|0|0|0|0|65|-60|-60|0|65|0|0|0|0|0|0,85|45|85|85|65|85|65|0|0|0|0|0|0|0,85|65|65|0|0|-60,73909
1504,3,4,Messenger,0,0,0,6,4,2,0,0&0&0,,,1800,210,210,9,-30,0,0,0,0,901000006,932900002|932300004,0,0,1,8504|8504|8504,20,130,10501&1|100010&3|100028&3|100101&3|100113&3|100125&3|100143&3|200043&3,1501&6|11501&4|21501&6|51501&6|61501&6,17,-200,200|0|0|0|150|400|200,3600,15,0|0|0|0|0|55|-60|-60|0|55|0|0|0|0|0|0,70|40|70|70|55|70|55|0|0|0|0|0|0|0,70|55|55|0|0|-60,73809
1505,6,5,Protector,0,0,0,7,5,3,0,0&0&0,,,1200,150,150,6,-30,0,0,0,0,901000006,932900002|932300004,0,0,1,8505|8505|8505,20,131,10501&1|100010&3|100028&3|100101&3|100113&3|100125&3|200043&3,1501&5|11501&4|21501&5|31501&5|41501&5|51501&5,17,-160,100|0|0|0|100|200|100,3000,15,0|0|0|0|0|45|-60|-60|0|45|0|0|0|0|0|0,60|35|60|60|45|60|45|0|0|0|0|0|0|0,60|45|45|0|0|-60,73809
1506,12,6,BloodChild,0,0,0,7,6,4,0,0&0&0,,,800,100,100,3,-20,0,0,0,0,901000006,932900002|932300004,0,0,1,8506|8506|8506,10,132,10501&1|100010&3|100028&3|100101&3|100113&3|100125&3|200043&3,1501&4|11501&3|21501&4|41501&4|61501&4,11,-120,50|0|0|0|50|100|0,2400,15,0|0|0|0|0|40|-60|-60|0|40|0|0|0|0|0|0,50|30|50|50|40|50|40|0|0|0|0|0|0|0,50|40|40|0|0|-60,73809
1507,10,7,Elite,0,0,0,8,7,5,0,0&0&0,,,300,60,60,1,-20,0,0,0,0,901000006,932900002|932300004,0,0,1,8507|8507|8507,20,133,0&0|100010&3|100028&3|100101&3|100113&3|100125&3|200043&3,1501&3|11501&3|21501&3|31501&3|61501&3,9,-80,0|0|0|0|0|50|0,1800,15,0|0|0|0|0|35|-60|-60|0|35|0|0|0|0|0|0,45|25|45|45|35|45|35|0|0|0|0|0|0|0,45|35|35|0|0|-60,73809
1508,16,8,Cultist,0,0,0,8,8,6,0,0&0&0,,,200,30,30,0,-20,0,0,0,0,901000006,932900002|932300004,0,0,1,8507|8507,10,134,0&0|100028&3|100101&3|200043&3,1501&2|11501&2|21501&2|51501&2|61501&2,6,-40,0|0|0|0|0|0|0,1200,15,0|0|0|0|0|30|-60|-60|0|30|0|0|0|0|0|0,40|20|40|40|30|40|30|0|0|0|0|0|0|0,40|30|30|0|0|-60,73809
1509,10,9,Servant,0,0,0,9,9,7,0,0&0&0,,,100,10,10,0,-10,0,0,0,0,901000006,932900002|932300004,0,0,1,8507,10,135,0&0|100028&3|200043&3,1501&1|11501&1|31501&1,2,0,-50|-50|-50|-50|-50|-50|-50,600,15,0|0|0|0|0|25|-60|-60|0|25|0|0|0|0|0|0,35|15|35|35|25|35|25|0|0|0|0|0|0|0,35|25|25|0|0|-60,73809
11,1,1,Mayor,0,0,1,3,2,0,0,0&0&0,,,0,450,0,0,0,-100,0,0,901300001,0,0,Sir·Mayor,Madame·M,0,7009|7009|7009,35,0,71&1|100143&3|200001&3|200043&3|200127&3|100501&1|100510&1,0&0,0,0,480|480|480|480|480|1200|400,6400,20,0|0|0|0|0|0|0|0|0|0|0|0|0|0|0|0,0|0|0|0|0|0|0|0|0|0|0|0|0|0,0|0|0|0|0|0,73709
12,1,2,Official,0,0,0,4,2,0,0,0&0&0,,,0,360,0,0,0,-100,0,0,901300002,0,0,0,0,0,7008|7008|7008,30,0,200001&3|200043&3|200127&3|100501&1|100510&1,0&0,0,0,0|0|0|0|0|600|300,5600,15,0|0|0|0|0|0|0|0|0|0|0|0|0|0|0|0,0|0|0|0|0|0|0|0|0|0|0|0|0|0,0|0|0|0|0|0,73609
13,2,3,Rich,0,0,0,5,3,0,0,0&0&0,,,0,280,0,0,0,-100,0,0,901300003,0,0,0,0,0,7007|7007|7007,25,0,200001&3|200043&3|200127&3|100501&1|100510&1,0&0,0,0,240|240|240|240|240|900|100,4800,15,0|0|0|0|0|0|0|0|0|0|0|0|0|0|0|0,0|0|0|0|0|0|0|0|0|0|0|0|0|0,0|0|0|0|0|0,73708
14,3,4,Academic,0,0,0,4,4,0,0,0&0&0,,,0,420,0,0,0,-75,0,0,0,901300004,0,0,0,1,7006|7006,20,0,400001&1|400010&1|400019&1|400028&1|400046&1|100501&1|100510&1,0&0,0,0,0|0|0|0|0|0|120,4000,10,0|0|0|0|0|0|0|0|0|0|0|0|0|0|0|0,0|0|0|0|0|0|0|0|0|0|0|0|0|0,0|0|0|0|0|0,73605
15,3,5,Merchant,0,0,0,5,5,0,0,0&0&0,,,0,150,0,0,0,-50,0,0,901300005,0,0,0,0,1,7005|7005,20,0,200001&3|200043&3|200127&3|100501&1|100510&1,0&0,0,0,0|0|0|0|0|300|0,3200,15,0|0|0|0|0|0|0|0|0|0|0|0|0|0|0|0,0|0|0|0|0|0|0|0|0|0|0|0|0|0,0|0|0|0|0|0,73707
16,5,6,Doctor,0,0,0,6,6,0,0,0&0&0,,,0,200,0,0,0,-25,0,0,901300006|901300010,932900001|932900002,0,0,0,1,7004|7004,20,0,10501&1|100107&3|100119&3|100125&3|200043&3|400073&1|400082&1,0&0,0,0,0|0|0|0|120|0|60,2400,10,0|0|0|0|0|0|0|0|0|0|0|0|0|0|0|0,0|0|0|0|0|0|0|0|0|0|0|0|0|0,0|0|0|0|0|0,73705
17,5,7,Artisan,0,0,0,7,7,0,0,0&0&0,,,0,120,0,0,0,0,0,0,901400001,901300007,0,0,0,1,7003,10,0,10001&1|10101&1|10201&1|10301&1|200085&3|400055&1|400064&1|400100&1,0&0,0,0,120|120|120|120|0|0|0,1600,15,0|0|0|0|0|0|0|0|0|0|0|0|0|0|0|0,0|0|0|0|0|0|0|0|0|0|0|0|0|0,0|0|0|0|0|0,73703
18,5,8,Poor,0,0,0,8,8,0,0,0&0&0,,,0,60,0,0,0,0,0,0,901400002,901300008,0,0,0,1,7002,10,0,10401&1|200085&3,0&0,0,0,0|0|0|0|0|0|-50,800,5,0|0|0|0|0|0|0|0|0|0|0|0|0|0|0|0,0|0|0|0|0|0|0|0|0|0|0|0|0|0,0|0|0|0|0|0,73702
19,5,9,Beggar,0,0,0,9,9,0,0,0&0&0,,,0,0,0,0,0,0,0,0,901300009,0,0,0,0,1,7001,10,0,0&0,0&0,0,-80,-100|-100|-100|-100|-100|-100|-100,0,0,0|0|0|0|0|0|0|0|0|0|0|0|0|0|0|0,0|0|0|0|0|0|0|0|0|0|0|0|0|0,0|0|0|0|0|0,73701
21,1,1,V·Head,0,0,1,3,2,0,0,0&0&0,,,0,180,0,0,0,-100,0,0,901300001,0,0,Sir·Elder,Madame·E,0,7009|7009|7009,35,0,71&1|200001&1|200043&1|200127&1|100501&1|100510&1,0&0,0,0,240|240|240|240|240|720|160,4000,15,0|0|0|0|0|0|0|0|0|0|0|0|0|0|0|0,0|0|0|0|0|0|0|0|0|0|0|0|0|0,0|0|0|0|0|0,73705
22,1,2,Official,0,0,0,4,2,0,0,0&0&0,,,0,140,0,0,0,-100,0,0,901300002,0,0,0,0,0,7008|7008|7008,30,0,200001&1|200043&1|200127&1|100501&1|100510&1,0&0,0,0,0|0|0|0|0|360|120,3500,10,0|0|0|0|0|0|0|0|0|0|0|0|0|0|0|0,0|0|0|0|0|0|0|0|0|0|0|0|0|0,0|0|0|0|0|0,73605
23,1,3,Rich,0,0,0,5,3,0,0,0&0&0,,,0,105,0,0,0,-100,0,0,901300003,0,0,0,0,0,7007|7007|7007,25,0,200001&1|200043&1|200127&1|100501&1|100510&1,0&0,0,0,120|120|120|120|120|540|40,3000,10,0|0|0|0|0|0|0|0|0|0|0|0|0|0|0|0,0|0|0|0|0|0|0|0|0|0|0|0|0|0,0|0|0|0|0|0,73705
24,1,4,Academic,0,0,0,4,4,0,0,0&0&0,,,0,150,0,0,0,-75,0,0,0,901300004,0,0,0,1,7006|7006,20,0,400001&1|400010&1|400019&1|400028&1|400046&1|100501&1|100510&1,0&0,0,0,0|0|0|0|0|0|60,2500,5,0|0|0|0|0|0|0|0|0|0|0|0|0|0|0|0,0|0|0|0|0|0|0|0|0|0|0|0|0|0,0|0|0|0|0|0,73702
25,1,5,Merchant,0,0,0,5,5,0,0,0&0&0,,,0,50,0,0,0,-50,0,0,901300005,0,0,0,0,1,7005|7005,20,0,200001&1|200043&1|200127&1|100501&1|100510&1,0&0,0,0,0|0|0|0|0|180|0,2000,10,0|0|0|0|0|0|0|0|0|0|0|0|0|0|0|0,0|0|0|0|0|0|0|0|0|0|0|0|0|0,0|0|0|0|0|0,73703
26,2,6,Doctor,0,0,0,6,6,0,0,0&0&0,,,0,60,0,0,0,-25,0,0,901300006|901300010,932900001|932900002,0,0,0,1,7004|7004,20,0,10501&1|100101&1|100113&1|100125&1|200043&1|400073&1|400082&1,0&0,0,0,0|0|0|0|60|0|0,1500,5,0|0|0|0|0|0|0|0|0|0|0|0|0|0|0|0,0|0|0|0|0|0|0|0|0|0|0|0|0|0,0|0|0|0|0|0,73702
27,2,7,Artisan,0,0,0,7,7,0,0,0&0&0,,,0,30,0,0,0,0,0,0,901400001,901300007,0,0,0,1,7003,10,0,10001&1|10101&1|10201&1|10301&1|200085&1|400055&1|400064&1|400100&1,0&0,0,0,60|60|60|60|0|0|0,1000,10,0|0|0|0|0|0|0|0|0|0|0|0|0|0|0|0,0|0|0|0|0|0|0|0|0|0|0|0|0|0,0|0|0|0|0|0,73602
28,2,8,Farmer,0,0,0,8,8,0,0,0&0&0,,,0,10,0,0,0,0,0,0,0,901300008,0,0,0,1,7002,10,0,10401&1|200085&1,0&0,0,0,0|0|0|0|0|-50|-50,500,0,0|0|0|0|0|0|0|0|0|0|0|0|0|0|0|0,0|0|0|0|0|0|0|0|0|0|0|0|0|0,0|0|0|0|0|0,73601
29,2,9,Beggar,0,0,0,9,9,0,0,0&0&0,,,0,0,0,0,0,0,0,0,901300009,0,0,0,0,1,7001,10,0,0&0,0&0,0,-80,-100|-100|-100|-100|-100|-100|-100,0,0,0|0|0|0|0|0|0|0|0|0|0|0|0|0|0|0,0|0|0|0|0|0|0|0|0|0|0|0|0|0,0|0|0|0|0|0,73701
31,1,1,TownChief,0,0,1,3,2,0,0,0&0&0,,,0,360,0,0,0,-100,0,0,901300001,0,0,Sir·TC,Madame·TC,0,7009|7009|7009,35,0,71&1|100137&2|200001&2|200043&2|200127&2|100501&1|100510&1,0&0,0,0,400|400|400|400|400|1040|320,5600,20,0|0|0|0|0|0|0|0|0|0|0|0|0|0|0|0,0|0|0|0|0|0|0|0|0|0|0|0|0|0,0|0|0|0|0|0,73708
32,1,2,Official,0,0,0,4,2,0,0,0&0&0,,,0,280,0,0,0,-100,0,0,901300002,0,0,0,0,0,7008|7008|7008,30,0,200001&2|200043&2|200127&2|100501&1|100510&1,0&0,0,0,0|0|0|0|0|520|240,4900,15,0|0|0|0|0|0|0|0|0|0|0|0|0|0|0|0,0|0|0|0|0|0|0|0|0|0|0|0|0|0,0|0|0|0|0|0,73708
33,1,3,Rich,0,0,0,5,3,0,0,0&0&0,,,0,210,0,0,0,-100,0,0,901300003,0,0,0,0,0,7007|7007|7007,25,0,200001&2|200043&2|200127&2|100501&1|100510&1,0&0,0,0,200|200|200|200|200|780|80,4200,15,0|0|0|0|0|0|0|0|0|0|0|0|0|0|0|0,0|0|0|0|0|0|0|0|0|0|0|0|0|0,0|0|0|0|0|0,73707
34,2,4,Academic,0,0,0,4,4,0,0,0&0&0,,,0,150,0,0,0,-75,0,0,0,901300004,0,0,0,1,7006|7006,20,0,400001&1|400010&1|400019&1|400028&1|400046&1|100501&1|100510&1,0&0,0,0,0|0|0|0|0|0|100,3500,10,0|0|0|0|0|0|0|0|0|0|0|0|0|0|0|0,0|0|0|0|0|0|0|0|0|0|0|0|0|0,0|0|0|0|0|0,73605
35,2,5,Merchant,0,0,0,5,5,0,0,0&0&0,,,0,100,0,0,0,-50,0,0,901300005,0,0,0,0,1,7005|7005,20,0,200001&2|200043&2|200127&2|100501&1|100510&1,0&0,0,0,0|0|0|0|0|260|0,2800,15,0|0|0|0|0|0|0|0|0|0|0|0|0|0|0|0,0|0|0|0|0|0|0|0|0|0|0|0|0|0,0|0|0|0|0|0,73707
36,2,6,Doctor,0,0,0,6,6,0,0,0&0&0,,,0,60,0,0,0,-25,0,0,901300006|901300010,932900001|932900002,0,0,0,1,7004|7004,20,0,10501&1|100101&2|100113&2|100125&2|200043&2|400073&1|400082&1,0&0,0,0,0|0|0|0|100|0|40,2100,10,0|0|0|0|0|0|0|0|0|0|0|0|0|0|0|0,0|0|0|0|0|0|0|0|0|0|0|0|0|0,0|0|0|0|0|0,73705
37,2,7,Artisan,0,0,0,7,7,0,0,0&0&0,,,0,30,0,0,0,0,0,0,901400001,901300007,0,0,0,1,7003,10,0,10001&1|10101&1|10201&1|10301&1|200085&2|400055&1|400064&1|400100&1,0&0,0,0,100|100|100|100|0|0|0,1400,15,0|0|0|0|0|0|0|0|0|0|0|0|0|0|0|0,0|0|0|0|0|0|0|0|0|0|0|0|0|0,0|0|0|0|0|0,73703
38,2,8,Poor,0,0,0,8,8,0,0,0&0&0,,,0,10,0,0,0,0,0,0,901400002,901300008,0,0,0,1,7002,10,0,10401&1|200085&2,0&0,0,0,0|0|0|0|0|0|-50,700,5,0|0|0|0|0|0|0|0|0|0|0|0|0|0|0|0,0|0|0|0|0|0|0|0|0|0|0|0|0|0,0|0|0|0|0|0,73702
39,2,9,Beggar,0,0,0,9,9,0,0,0&0&0,,,0,0,0,0,0,0,0,0,901300009,0,0,0,0,1,7001,10,0,0&0,0&0,0,-80,-100|-100|-100|-100|-100|-100|-100,0,0,0|0|0|0|0|0|0|0|0|0|0|0|0|0|0|0,0|0|0|0|0|0|0|0|0|0|0|0|0|0,0|0|0|0|0|0,73701
41,1,1,Castellan,0,0,1,3,3,0,0,0&0&0,,,0,360,0,0,0,-100,0,0,901300001,0,0,Sir,Madame,0,7009|7009|7009,35,0,71&1|100137&2|200001&2|200043&2|200127&2|100501&1|100510&1,0&0,0,0,320|320|320|320|320|880|240,4800,20,0|0|0|0|0|0|0|0|0|0|0|0|0|0|0|0,0|0|0|0|0|0|0|0|0|0|0|0|0|0,0|0|0|0|0|0,73708
42,1,2,Vice·C,0,0,2,4,4,0,0,0&0&0,,,0,280,0,0,0,-100,0,0,901300002,0,0,Sir·VC,Madame·VC,0,7008|7008|7008,30,0,200001&2|200043&2|200127&2|100501&1|100510&1,0&0,0,0,0|0|0|0|0|440|180,4200,15,0|0|0|0|0|0|0|0|0|0|0|0|0|0|0|0,0|0|0|0|0|0|0|0|0|0|0|0|0|0,0|0|0|0|0|0,73608
43,1,3,Rich,0,0,0,5,5,0,0,0&0&0,,,0,210,0,0,0,-100,0,0,901300003,0,0,0,0,0,7007|7007|7007,25,0,200001&2|200043&2|200127&2|100501&1|100510&1,0&0,0,0,160|160|160|160|160|660|60,3600,15,0|0|0|0|0|0|0|0|0|0|0|0|0|0|0|0,0|0|0|0|0|0|0|0|0|0|0|0|0|0,0|0|0|0|0|0,73707
44,1,4,Academic,0,0,0,4,4,0,0,0&0&0,,,0,150,0,0,0,-75,0,0,0,901300004,0,0,0,1,7006|7006,20,0,400001&1|400010&1|400019&1|400028&1|400046&1|100501&1|100510&1,0&0,0,0,0|0|0|0|0|0|80,3000,10,0|0|0|0|0|0|0|0|0|0|0|0|0|0|0|0,0|0|0|0|0|0|0|0|0|0|0|0|0|0,0|0|0|0|0|0,73605
45,2,5,Merchant,0,0,0,5,5,0,0,0&0&0,,,0,100,0,0,0,-50,0,0,901300005,0,0,0,0,1,7005|7005,20,0,200001&2|200043&2|200127&2|100501&1|100510&1,0&0,0,0,0|0|0|0|0|220|0,2400,15,0|0|0|0|0|0|0|0|0|0|0|0|0|0|0|0,0|0|0|0|0|0|0|0|0|0|0|0|0|0,0|0|0|0|0|0,73707
46,2,6,Doctor,0,0,0,6,6,0,0,0&0&0,,,0,60,0,0,0,-25,0,0,901300006|901300010,932900001|932900002,0,0,0,1,7004|7004,20,0,10501&1|100101&2|100113&2|100125&2|200043&2|400073&1|400082&1,0&0,0,0,0|0|0|0|80|0|20,1800,10,0|0|0|0|0|0|0|0|0|0|0|0|0|0|0|0,0|0|0|0|0|0|0|0|0|0|0|0|0|0,0|0|0|0|0|0,73705
47,2,7,Artisan,0,0,0,7,7,0,0,0&0&0,,,0,30,0,0,0,0,0,0,901400001,901300007,0,0,0,1,7003,10,0,10001&1|10101&1|10201&1|10301&1|200085&2|400055&1|400064&1|400100&1,0&0,0,0,80|80|80|80|0|0|0,1200,15,0|0|0|0|0|0|0|0|0|0|0|0|0|0|0|0,0|0|0|0|0|0|0|0|0|0|0|0|0|0,0|0|0|0|0|0,73703
48,2,8,Poor,0,0,0,8,8,0,0,0&0&0,,,0,10,0,0,0,0,0,0,901400002,901300008,0,0,0,1,7002,10,0,10401&1|200085&2,0&0,0,0,0|0|0|0|0|0|-50,600,5,0|0|0|0|0|0|0|0|0|0|0|0|0|0|0|0,0|0|0|0|0|0|0|0|0|0|0|0|0|0,0|0|0|0|0|0,73702
49,2,9,Beggar,0,0,0,9,9,0,0,0&0&0,,,0,0,0,0,0,0,0,0,901300009,0,0,0,0,1,7001,10,0,0&0,0&0,0,-80,-100|-100|-100|-100|-100|-100|-100,0,0,0|0|0|0|0|0|0|0|0|0|0|0|0|0|0|0,0|0|0|0|0|0|0|0|0|0|0|0|0|0,0|0|0|0|0|0,73701
